pid	frequency
1	1.0
423	1.0
1453	1.0
1782	1.0
1849	1.0
159	1.0
2177	1.0
3198	0.016555206913674157
284	1.0
900	1.0
3752	1.0
403	1.0
2864	1.0
3754	0.02756383844146514
353	1.0
3303	1.0
3432	1.0
3873	1.0
358	1.0
337	1.0
1615	1.0
2	0.09104835557245941
402	1.0
1029	0.09104835557245941
1032	0.09104835557245941
517	1.0
85	1.0
77	1.0
1792	1.0
1522	1.0
3	0.12590197880679957
1609	1.0
385	1.0
1794	0.12590197880679957
1943	0.12590197880679957
1947	0.12590197880679957
211	1.0
1954	1.0
2639	0.12590197880679957
3005	0.12590197880679957
3063	0.12590197880679957
3086	0.12590197880679957
49	0.12590197880679957
3491	0.12590197880679957
62	0.03173697611274867
138	0.12590197880679957
4239	0.03215957233262549
4288	0.12590197880679957
1607	0.12590197880679957
1326	1.0
2243	1.0
4296	0.12590197880679957
4590	1.0
82	0.02208065248856349
599	0.09104835557245941
4	1.0
24	1.0
2137	1.0
558	1.0
443	1.0
2647	1.0
19	1.0
27	1.0
2972	1.0
3019	0.016681985779637202
2273	1.0
70	1.0
103	1.0
444	1.0
311	1.0
2940	1.0
2866	1.0
4331	1.0
909	1.0
4372	1.0
4308	1.0
4093	1.0
2857	1.0
2411	1.0
1730	1.0
384	1.0
1721	1.0
1356	1.0
4107	1.0
407	0.12590197880679957
1967	1.0
3656	1.0
4490	1.0
1019	1.0
1577	1.0
293	1.0
4414	1.0
1983	1.0
3149	1.0
130	1.0
1660	1.0
3277	1.0
5	1.0
17	1.0
1637	0.09104835557245941
1705	0.09104835557245941
1873	1.0
1735	1.0
2657	1.0
1844	0.022323645314992657
3528	1.0
1009	0.09104835557245941
3755	1.0
483	1.0
1387	0.09104835557245941
1417	0.09104835557245941
3418	0.09104835557245941
2991	1.0
3517	1.0
4417	0.09104835557245941
609	0.09104835557245941
3294	1.0
3328	1.0
1031	1.0
871	1.0
1030	1.0
1648	1.0
176	1.0
5016	1.0
1350	1.0
2629	1.0
3911	1.0
3407	1.0
2061	1.0
1579	1.0
2080	1.0
1016	1.0
6	0.09104835557245941
766	0.09104835557245941
872	1.0
1476	0.12590197880679957
1931	0.12590197880679957
3883	1.0
3816	0.09104835557245941
4102	0.09104835557245941
1848	0.09104835557245941
3433	0.09104835557245941
1084	0.09104835557245941
2604	0.09104835557245941
2228	0.09104835557245941
3721	0.09104835557245941
7	1.0
1203	1.0
2201	0.09104835557245941
3001	1.0
3332	1.0
1726	0.09104835557245941
2934	1.0
41	1.0
1011	0.03173697611274867
227	1.0
2926	1.0
3143	1.0
3777	1.0
2295	1.0
4366	1.0
4197	1.0
3608	1.0
3371	0.09104835557245941
2532	1.0
152	1.0
1253	1.0
214	0.12590197880679957
1710	0.09104835557245941
37	1.0
2294	1.0
5079	1.0
1469	0.09104835557245941
3255	1.0
2700	1.0
4307	1.0
3525	1.0
8	1.0
454	1.0
870	1.0
1383	1.0
1078	1.0
1603	1.0
1930	1.0
2165	1.0
1559	1.0
2620	1.0
1205	1.0
3856	1.0
1571	1.0
4243	1.0
3344	1.0
778	1.0
3241	1.0
3620	1.0
3791	1.0
9	1.0
154	1.0
325	1.0
3082	0.12590197880679957
2821	0.02208065248856349
3011	0.03173697611274867
4076	1.0
395	0.12590197880679957
3053	0.03173697611274867
2312	1.0
4326	1.0
818	1.0
625	1.0
2501	1.0
2279	1.0
2567	1.0
10	0.03816043865487623
408	0.03816043865487623
502	0.03816043865487623
1516	0.03622706094893981
3759	0.03816043865487623
4941	0.03816043865487623
11	1.0
22	1.0
42	1.0
69	0.02756383844146514
181	1.0
378	1.0
186	1.0
619	1.0
620	1.0
622	1.0
623	1.0
628	1.0
854	1.0
1219	1.0
1525	1.0
175	1.0
1880	0.12590197880679957
1865	1.0
2232	0.02756383844146514
2366	1.0
2801	1.0
2976	1.0
2632	0.029972636894762976
3410	1.0
3360	1.0
3701	1.0
258	1.0
1922	1.0
84	1.0
2320	1.0
1948	1.0
2478	1.0
2021	1.0
635	1.0
4546	1.0
1088	1.0
3445	1.0
4710	1.0
1626	1.0
1997	1.0
4713	1.0
4734	1.0
3437	1.0
4071	1.0
3718	1.0
3550	1.0
1639	1.0
505	1.0
490	1.0
4942	1.0
260	1.0
1101	1.0
12	1.0
21	1.0
1759	1.0
2454	1.0
3534	1.0
489	1.0
1174	1.0
3749	1.0
3140	1.0
1375	1.0
2231	1.0
4192	1.0
2677	1.0
1951	0.016681985779637202
1738	1.0
4701	1.0
3703	1.0
1657	1.0
3013	1.0
2039	1.0
1489	1.0
1787	1.0
1941	1.0
1521	1.0
270	1.0
2660	1.0
1753	1.0
2526	1.0
3244	1.0
4894	0.12590197880679957
3080	1.0
1446	1.0
4226	1.0
3122	1.0
2877	1.0
382	1.0
3247	1.0
4612	1.0
2740	1.0
2863	1.0
1813	1.0
3591	1.0
1762	1.0
2919	1.0
3878	1.0
345	1.0
3287	1.0
4270	1.0
3267	1.0
3145	1.0
13	0.03816043865487623
347	1.0
348	1.0
1017	0.03816043865487623
1993	1.0
1184	0.03816043865487623
2637	0.03816043865487623
1769	0.03816043865487623
239	0.006518546691599843
3785	1.0
4443	1.0
1578	1.0
1508	0.03816043865487623
1507	0.03816043865487623
79	0.006518546691599843
160	0.03215957233262549
250	1.0
4802	1.0
14	1.0
47	1.0
357	1.0
982	1.0
2393	1.0
3946	1.0
1689	1.0
4055	1.0
15	1.0
1036	1.0
456	0.016681985779637202
3420	1.0
2250	1.0
3672	0.016681985779637202
1891	0.09104835557245941
3902	0.016681985779637202
1567	0.09104835557245941
3866	1.0
4099	1.0
2158	0.016681985779637202
1591	1.0
1628	1.0
354	1.0
3845	1.0
552	0.09104835557245941
2151	1.0
16	1.0
902	1.0
1450	1.0
1496	1.0
1515	1.0
1519	1.0
1688	1.0
1690	1.0
2659	1.0
562	1.0
1505	1.0
1569	1.0
1535	1.0
3584	1.0
361	1.0
3650	1.0
3154	0.029972636894762976
3872	0.02756383844146514
3847	1.0
4089	1.0
2172	1.0
708	1.0
3021	1.0
3272	1.0
5049	1.0
4442	1.0
661	1.0
1424	1.0
376	1.0
18	0.09104835557245941
87	0.09104835557245941
272	0.03816043865487623
349	0.028144908243795758
674	0.028144908243795758
776	0.09104835557245941
1137	1.0
1231	0.028144908243795758
1262	0.09104835557245941
1528	0.03816043865487623
1934	0.03816043865487623
2535	0.028144908243795758
3070	0.03816043865487623
3582	0.09104835557245941
3611	0.028144908243795758
1214	1.0
4125	0.03816043865487623
4253	0.028144908243795758
3923	0.03816043865487623
4286	0.03816043865487623
4340	1.0
222	0.028144908243795758
1286	1.0
189	1.0
2005	0.016555206913674157
3444	0.03816043865487623
3220	0.03816043865487623
1162	1.0
2116	1.0
1057	0.03816043865487623
4465	0.028144908243795758
4223	1.0
1716	1.0
4909	0.09104835557245941
1538	1.0
1549	1.0
1717	1.0
1758	1.0
20	1.0
1188	0.09104835557245941
1499	0.12590197880679957
1671	1.0
1679	0.09104835557245941
1942	1.0
1979	1.0
1928	1.0
2640	0.09104835557245941
83	0.016681985779637202
645	0.016681985779637202
3570	1.0
2259	1.0
1734	0.09104835557245941
3954	1.0
3967	1.0
1760	1.0
4268	1.0
1774	1.0
1593	1.0
4394	1.0
4151	1.0
3671	1.0
4517	1.0
4658	1.0
2479	1.0
1808	1.0
3775	1.0
1644	0.09104835557245941
2438	1.0
2936	1.0
526	1.0
4583	1.0
3513	1.0
1545	0.12590197880679957
3808	1.0
5041	0.09104835557245941
1874	1.0
3844	1.0
5080	1.0
5110	1.0
3976	1.0
4328	1.0
1529	1.0
5076	1.0
5127	1.0
581	1.0
1771	0.12590197880679957
503	1.0
2520	1.0
3907	1.0
2305	1.0
1534	1.0
2557	1.0
3225	1.0
2571	1.0
3121	1.0
3188	1.0
4149	1.0
2751	0.02208065248856349
5085	0.12590197880679957
4141	1.0
3825	1.0
2757	1.0
5134	1.0
1707	0.12590197880679957
516	1.0
23	0.03622706094893981
109	0.03622706094893981
236	0.03622706094893981
793	0.03622706094893981
795	0.03622706094893981
1311	0.03622706094893981
2155	0.03622706094893981
55	0.013438559792082659
3352	0.03622706094893981
789	1.0
615	1.0
4179	0.03622706094893981
4272	0.03622706094893981
3604	0.013438559792082659
1627	0.03622706094893981
1783	0.03816043865487623
2421	0.03622706094893981
4216	0.013438559792082659
2779	1.0
1994	1.0
1714	1.0
1586	0.013438559792082659
344	0.03622706094893981
694	0.013438559792082659
4862	1.0
896	1.0
903	1.0
386	1.0
1540	1.0
1906	0.12590197880679957
1745	0.09104835557245941
618	0.09104835557245941
1323	1.0
4277	1.0
1533	0.09104835557245941
2494	1.0
3695	1.0
4111	0.09104835557245941
32	1.0
1250	1.0
709	1.0
1708	1.0
2267	1.0
2278	1.0
2841	1.0
1556	1.0
25	0.006296683676164518
590	0.03816043865487623
917	0.03816043865487623
1142	0.03816043865487623
3193	0.03816043865487623
837	0.03816043865487623
26	0.03215957233262549
169	0.03215957233262549
2216	0.03215957233262549
412	0.03215957233262549
332	0.03816043865487623
3655	0.013438559792082659
2718	0.03816043865487623
1806	0.03215957233262549
116	0.03215957233262549
28	1.0
30	1.0
360	0.02208065248856349
756	0.02208065248856349
768	0.02208065248856349
1002	1.0
1523	0.022323645314992657
2157	1.0
2162	1.0
2167	1.0
2190	1.0
2191	1.0
2206	0.12590197880679957
2442	1.0
2527	1.0
1314	1.0
2694	1.0
2794	1.0
2649	1.0
2998	1.0
1936	1.0
898	0.02208065248856349
286	1.0
3426	0.12590197880679957
3439	0.12590197880679957
1683	1.0
1010	1.0
2999	1.0
3728	0.12590197880679957
3017	1.0
3062	1.0
67	1.0
3253	1.0
4131	0.12590197880679957
584	0.02208065248856349
921	1.0
246	1.0
4068	1.0
3059	1.0
1608	1.0
3457	1.0
338	1.0
3880	0.12590197880679957
2004	1.0
3828	0.02756383844146514
3551	0.02756383844146514
3998	1.0
208	1.0
944	0.02208065248856349
2270	1.0
39	0.12590197880679957
2210	1.0
2560	0.12590197880679957
2845	1.0
1802	0.12590197880679957
2511	1.0
3897	0.12590197880679957
177	0.03816043865487623
2970	0.12590197880679957
2896	1.0
3950	1.0
29	1.0
251	1.0
484	1.0
429	1.0
1985	1.0
2153	1.0
1347	1.0
2727	1.0
3261	1.0
3285	1.0
3734	1.0
2341	1.0
4100	1.0
319	1.0
5066	1.0
1768	1.0
2490	1.0
2904	1.0
2360	1.0
2807	1.0
31	0.028144908243795758
224	0.03816043865487623
226	0.03816043865487623
954	0.03816043865487623
1059	0.03816043865487623
419	0.03215957233262549
298	0.03215957233262549
90	0.03215957233262549
1385	0.03215957233262549
1897	0.028144908243795758
2119	0.028144908243795758
2412	0.028144908243795758
2595	0.028144908243795758
1160	0.03816043865487623
1536	0.03816043865487623
1592	0.03816043865487623
1171	1.0
3857	0.03816043865487623
405	0.02756383844146514
1105	1.0
792	1.0
538	1.0
1405	0.02756383844146514
1415	1.0
685	1.0
868	1.0
2548	1.0
3066	1.0
1825	1.0
3380	1.0
3275	1.0
2048	1.0
3146	1.0
3864	1.0
2303	1.0
474	1.0
4437	1.0
2920	1.0
3978	1.0
3147	1.0
1043	1.0
2941	1.0
2045	1.0
646	1.0
869	0.02756383844146514
2965	1.0
2492	1.0
3535	0.029972636894762976
135	1.0
4319	1.0
355	1.0
2024	1.0
268	1.0
3895	1.0
4014	1.0
4306	1.0
2969	0.12590197880679957
2475	1.0
424	1.0
3795	1.0
3602	1.0
1210	1.0
33	1.0
34	1.0
137	0.03816043865487623
156	0.03816043865487623
158	0.03215957233262549
465	1.0
597	1.0
604	1.0
606	1.0
627	1.0
629	1.0
937	1.0
938	1.0
953	1.0
1102	1.0
1414	1.0
249	0.03622706094893981
1757	1.0
1811	1.0
1447	1.0
448	0.03622706094893981
1935	1.0
2365	1.0
2375	1.0
375	1.0
2505	1.0
2559	1.0
2236	1.0
2569	1.0
2145	1.0
1256	1.0
2666	1.0
2842	1.0
3094	1.0
3507	1.0
3324	0.006296683676164518
1711	0.03215957233262549
3899	1.0
1527	0.016555206913674157
2925	0.016555206913674157
2817	1.0
1916	1.0
3959	1.0
381	1.0
2351	0.03816043865487623
4530	1.0
1518	1.0
648	1.0
4769	1.0
3506	0.03816043865487623
1416	1.0
1958	1.0
430	1.0
35	1.0
865	1.0
680	1.0
997	1.0
1066	1.0
1283	1.0
1331	1.0
721	1.0
746	1.0
2126	1.0
2133	1.0
1704	1.0
2204	1.0
299	1.0
2405	1.0
2437	1.0
2599	1.0
2793	1.0
783	1.0
1401	1.0
1035	1.0
3058	1.0
560	1.0
2537	1.0
3331	1.0
1747	1.0
318	1.0
3473	1.0
460	1.0
1743	1.0
2750	1.0
2188	1.0
2132	1.0
3667	1.0
4045	1.0
1568	1.0
3413	1.0
3325	1.0
1042	1.0
335	1.0
3057	1.0
1427	1.0
2880	1.0
2171	1.0
4463	1.0
3979	1.0
504	1.0
904	1.0
2675	1.0
3217	1.0
4265	1.0
2889	1.0
266	1.0
4095	1.0
1148	1.0
3214	1.0
2213	1.0
2452	1.0
4184	1.0
1926	1.0
3269	1.0
2192	1.0
216	1.0
2746	1.0
510	1.0
1372	1.0
2669	1.0
200	1.0
677	1.0
60	1.0
2859	1.0
2374	1.0
2680	1.0
36	1.0
178	1.0
1642	1.0
1649	1.0
364	1.0
1778	1.0
1158	1.0
3282	1.0
2962	1.0
3581	1.0
171	1.0
3085	1.0
3692	1.0
1144	1.0
1646	0.03816043865487623
3112	1.0
2829	1.0
2861	1.0
1225	1.0
2586	1.0
4504	1.0
3054	0.029972636894762976
3822	0.029972636894762976
1382	1.0
546	1.0
3268	1.0
4281	1.0
4289	1.0
3412	1.0
3109	1.0
4661	1.0
3733	1.0
1699	1.0
313	1.0
38	0.016555206913674157
97	0.016555206913674157
512	0.013438559792082659
589	0.016555206913674157
699	0.016555206913674157
964	0.013438559792082659
1081	0.013438559792082659
1296	0.013438559792082659
1640	0.016555206913674157
2812	0.016555206913674157
2193	0.013438559792082659
4528	1.0
3351	1.0
1751	1.0
2544	0.12590197880679957
2937	0.02208065248856349
3042	1.0
3891	1.0
4341	0.12590197880679957
323	1.0
198	1.0
1818	0.12590197880679957
2418	0.12590197880679957
1748	1.0
3789	1.0
3105	1.0
40	1.0
901	1.0
907	1.0
1288	1.0
2552	1.0
1485	1.0
3836	1.0
1486	1.0
1076	1.0
1044	1.0
2180	1.0
508	1.0
2353	1.0
134	1.0
243	0.022323645314992657
831	0.022323645314992657
955	1.0
1237	0.022323645314992657
1449	0.022323645314992657
1635	0.022323645314992657
1775	0.022323645314992657
1955	0.022323645314992657
2134	0.022323645314992657
2141	1.0
2156	1.0
2159	1.0
1843	0.022323645314992657
2280	0.022323645314992657
2447	0.022323645314992657
2483	0.09104835557245941
2702	1.0
351	1.0
2774	1.0
2966	1.0
809	0.022323645314992657
3536	1.0
2813	1.0
2699	1.0
1590	1.0
2598	1.0
1956	1.0
3648	1.0
3226	1.0
4370	0.022323645314992657
4591	0.09104835557245941
3088	1.0
762	1.0
1901	1.0
1925	0.022323645314992657
2849	1.0
2843	1.0
3492	1.0
3386	0.12590197880679957
1532	1.0
4300	0.09104835557245941
201	1.0
605	1.0
4683	1.0
1900	1.0
2924	1.0
3647	1.0
960	1.0
1919	1.0
43	1.0
51	1.0
416	0.09104835557245941
411	1.0
440	1.0
1249	0.09104835557245941
1266	1.0
1432	0.09104835557245941
1442	1.0
1454	1.0
1631	0.09104835557245941
1675	0.09104835557245941
2470	1.0
3890	0.03622706094893981
2987	0.013438559792082659
794	1.0
228	1.0
3875	0.09104835557245941
4426	1.0
1238	1.0
4252	1.0
3219	1.0
2627	1.0
316	1.0
4212	1.0
383	0.016555206913674157
322	1.0
166	0.03622706094893981
525	0.03622706094893981
634	0.03622706094893981
1018	0.03622706094893981
1121	0.013438559792082659
1801	0.006296683676164518
2726	0.03622706094893981
2223	0.013438559792082659
3055	0.03622706094893981
3767	0.006296683676164518
3334	0.03622706094893981
44	1.0
914	1.0
1554	1.0
1932	1.0
1978	1.0
2820	1.0
3079	1.0
772	0.09104835557245941
1595	1.0
3665	1.0
3307	1.0
1977	1.0
2199	1.0
3016	1.0
45	1.0
543	1.0
2029	1.0
2834	1.0
1914	1.0
1952	1.0
1965	1.0
3686	1.0
3877	1.0
146	1.0
1999	1.0
4135	1.0
1362	1.0
329	1.0
884	1.0
890	1.0
255	1.0
897	1.0
4423	1.0
46	0.028144908243795758
720	0.028144908243795758
3316	0.028144908243795758
3615	0.028144908243795758
3797	0.028144908243795758
2822	0.03215957233262549
3606	1.0
1599	0.03816043865487623
2916	0.03816043865487623
3585	0.03215957233262549
4304	1.0
3649	0.028144908243795758
1686	1.0
48	0.004373870875725017
554	0.004373870875725017
555	0.004373870875725017
704	0.004373870875725017
1243	0.004373870875725017
2310	0.004373870875725017
2487	0.004373870875725017
110	0.12590197880679957
928	1.0
117	1.0
2433	1.0
2441	1.0
1466	0.12590197880679957
2052	1.0
3661	1.0
4144	0.12590197880679957
2115	1.0
2011	1.0
1180	1.0
1304	0.12590197880679957
2041	0.12590197880679957
1544	1.0
4529	0.12590197880679957
334	0.016555206913674157
2495	1.0
3973	1.0
2150	1.0
3050	0.02208065248856349
1452	1.0
2558	0.02208065248856349
843	1.0
1531	1.0
3274	1.0
728	1.0
2646	1.0
3438	1.0
4972	1.0
149	1.0
170	0.09104835557245941
3259	0.12590197880679957
3810	0.02208065248856349
5020	1.0
4575	0.03622706094893981
3901	1.0
2997	1.0
3291	1.0
2945	1.0
1220	1.0
2385	1.0
50	0.006518546691599843
1207	1.0
330	1.0
2782	1.0
2783	1.0
2473	1.0
1175	1.0
1206	0.013438559792082659
4148	1.0
52	1.0
816	1.0
860	1.0
2212	1.0
2431	1.0
3658	1.0
2315	1.0
807	1.0
1610	1.0
700	1.0
1223	1.0
3677	1.0
3700	0.12590197880679957
269	1.0
3641	1.0
3760	1.0
2914	1.0
3398	1.0
2013	1.0
4419	1.0
53	1.0
968	1.0
1050	1.0
107	0.02756383844146514
1240	1.0
1338	1.0
2142	1.0
2183	1.0
2252	1.0
1000	1.0
2619	1.0
741	1.0
2713	1.0
1156	1.0
2468	1.0
2012	1.0
1388	1.0
3404	1.0
4000	0.02756383844146514
3026	1.0
3470	1.0
3415	1.0
54	0.02208065248856349
602	0.12590197880679957
274	0.12590197880679957
331	0.12590197880679957
1208	0.12590197880679957
398	0.12590197880679957
975	0.12590197880679957
4338	0.12590197880679957
3487	0.12590197880679957
3792	1.0
304	0.03622706094893981
1224	0.03622706094893981
1851	0.03622706094893981
2384	0.03622706094893981
2386	0.03622706094893981
2461	0.03622706094893981
2581	0.03622706094893981
2887	0.03622706094893981
3158	0.013438559792082659
3159	0.013438559792082659
3202	0.03622706094893981
1255	0.03622706094893981
305	0.03622706094893981
3956	0.03622706094893981
1378	0.03622706094893981
56	1.0
750	1.0
2395	1.0
2420	1.0
2679	1.0
2009	1.0
3516	1.0
2098	1.0
3711	1.0
1655	1.0
3292	1.0
2211	1.0
703	1.0
4146	1.0
3329	1.0
2802	1.0
4077	1.0
57	1.0
1197	1.0
2957	1.0
1212	1.0
4520	1.0
3025	1.0
3674	1.0
1406	1.0
1770	1.0
2840	1.0
3552	1.0
58	1.0
377	1.0
432	1.0
666	1.0
668	1.0
2038	1.0
2325	1.0
1196	1.0
3075	1.0
230	1.0
4389	1.0
2448	1.0
3983	1.0
2733	1.0
102	1.0
1619	1.0
2513	1.0
4180	1.0
2888	1.0
1604	1.0
1386	1.0
5135	1.0
59	0.03816043865487623
302	0.03816043865487623
2254	0.03816043865487623
2272	0.03816043865487623
2728	0.03816043865487623
2949	0.03816043865487623
3076	0.03816043865487623
3603	0.03816043865487623
4257	0.03816043865487623
3839	0.006518546691599843
4293	0.006518546691599843
1390	0.006518546691599843
3087	0.013438559792082659
3034	0.03816043865487623
3820	0.028144908243795758
5128	1.0
61	0.03173697611274867
64	0.03173697611274867
65	0.03173697611274867
585	0.02208065248856349
586	0.02208065248856349
591	0.03173697611274867
594	0.03173697611274867
1112	0.03173697611274867
1114	0.03173697611274867
1115	0.03173697611274867
1959	1.0
1961	1.0
1964	1.0
2244	0.02208065248856349
2551	1.0
2459	1.0
2514	1.0
2113	0.02208065248856349
2612	0.03173697611274867
2621	0.02208065248856349
2844	0.03173697611274867
2946	0.02208065248856349
2948	0.03173697611274867
2950	0.03173697611274867
1270	1.0
2185	1.0
3135	1.0
3498	0.12590197880679957
2918	1.0
3745	0.03173697611274867
3104	1.0
3008	1.0
81	1.0
3953	0.03173697611274867
706	0.02208065248856349
4181	0.02208065248856349
417	0.12590197880679957
3812	0.03173697611274867
2049	1.0
882	0.02208065248856349
3258	1.0
3405	1.0
1037	1.0
2607	0.02208065248856349
4690	0.12590197880679957
1216	1.0
4649	0.12590197880679957
4725	0.12590197880679957
2828	0.02208065248856349
3922	1.0
2238	1.0
2226	0.02208065248856349
4175	1.0
1445	1.0
3831	1.0
4123	1.0
63	1.0
1110	1.0
1294	1.0
650	0.016555206913674157
3200	1.0
3211	1.0
1650	1.0
2106	1.0
4399	1.0
2382	1.0
290	1.0
350	1.0
397	0.03622706094893981
3555	1.0
2235	1.0
2691	1.0
66	1.0
470	1.0
1013	1.0
1772	1.0
2550	1.0
2862	1.0
1506	1.0
3297	1.0
3680	1.0
3133	1.0
153	1.0
3809	1.0
4489	1.0
3693	1.0
3414	1.0
3346	1.0
3355	1.0
2927	1.0
494	1.0
2453	1.0
4508	1.0
4819	1.0
535	1.0
4543	1.0
132	1.0
1199	1.0
3322	1.0
1282	0.12590197880679957
3770	1.0
858	1.0
1154	1.0
1651	1.0
1888	1.0
1889	1.0
2246	1.0
1789	1.0
437	1.0
1669	1.0
979	1.0
2464	1.0
764	1.0
3372	1.0
1982	1.0
3982	1.0
4007	1.0
1333	1.0
1113	1.0
808	1.0
4531	1.0
2743	1.0
2879	1.0
2292	1.0
379	1.0
68	0.03622706094893981
1239	0.03622706094893981
2711	0.016555206913674157
72	1.0
513	1.0
370	1.0
1974	1.0
2018	1.0
2875	1.0
813	1.0
3452	1.0
2785	1.0
2689	1.0
71	0.09104835557245941
647	0.09104835557245941
2681	0.09104835557245941
1839	0.09104835557245941
3172	0.09104835557245941
3842	0.09104835557245941
2721	0.09104835557245941
4097	0.09104835557245941
729	0.09104835557245941
2852	1.0
3208	1.0
461	1.0
3065	0.09104835557245941
3903	1.0
1744	1.0
1192	1.0
4806	1.0
5054	1.0
3449	0.09104835557245941
4496	0.09104835557245941
5111	1.0
73	0.028144908243795758
1920	0.03215957233262549
3012	0.028144908243795758
3853	0.006518546691599843
4313	0.03816043865487623
4447	0.03816043865487623
4781	0.006518546691599843
4282	0.028144908243795758
4889	0.006518546691599843
996	0.03816043865487623
5086	1.0
686	0.03215957233262549
74	0.03173697611274867
161	0.03173697611274867
162	0.03173697611274867
595	0.03173697611274867
1306	0.02208065248856349
2752	0.02208065248856349
75	1.0
422	1.0
564	1.0
1623	0.09104835557245941
1913	1.0
2118	1.0
2316	1.0
3213	1.0
2816	1.0
2645	1.0
2391	1.0
3936	1.0
457	1.0
1465	1.0
1612	1.0
2796	1.0
2763	1.0
1168	1.0
1633	1.0
2566	1.0
76	1.0
2471	1.0
2615	1.0
2730	1.0
2653	1.0
3495	1.0
78	1.0
1233	1.0
1343	1.0
3429	1.0
3500	1.0
1968	1.0
2032	1.0
1120	1.0
1962	1.0
4410	1.0
1621	1.0
3684	1.0
3231	1.0
3757	0.016681985779637202
80	0.12590197880679957
662	0.12590197880679957
669	1.0
679	1.0
696	1.0
1827	0.029972636894762976
3278	0.004373870875725017
464	1.0
3228	0.004373870875725017
1715	1.0
713	0.029972636894762976
1887	1.0
2810	1.0
2922	1.0
1572	1.0
2068	1.0
3640	0.029972636894762976
800	1.0
3529	1.0
1793	1.0
1776	1.0
1937	1.0
2610	0.02756383844146514
1653	1.0
2170	1.0
3466	1.0
4037	0.029972636894762976
951	1.0
527	1.0
3342	1.0
4796	0.029972636894762976
2502	1.0
1755	1.0
2117	1.0
1492	0.029972636894762976
1100	0.029972636894762976
283	1.0
930	0.03816043865487623
1939	0.028144908243795758
2911	0.028144908243795758
3829	1.0
1601	1.0
4401	1.0
1514	1.0
4667	1.0
681	1.0
989	0.09104835557245941
2489	1.0
608	0.09104835557245941
3660	1.0
326	0.016681985779637202
1060	0.09104835557245941
122	1.0
217	0.016681985779637202
2648	0.09104835557245941
3004	0.09104835557245941
3645	1.0
1756	0.09104835557245941
131	1.0
1063	1.0
2001	1.0
3071	1.0
912	1.0
1318	1.0
2933	1.0
3162	1.0
3530	1.0
4789	1.0
995	1.0
86	1.0
1023	1.0
1049	1.0
1740	1.0
1596	1.0
2720	1.0
2915	1.0
3014	1.0
3823	1.0
2540	1.0
4194	1.0
4709	1.0
4809	1.0
2554	0.09104835557245941
1918	0.12590197880679957
88	1.0
1045	1.0
1328	1.0
2458	1.0
496	1.0
1355	1.0
580	1.0
3682	1.0
3049	1.0
89	1.0
878	0.09104835557245941
221	1.0
2986	1.0
3046	1.0
2450	1.0
1600	1.0
3801	1.0
3659	0.03173697611274867
3098	1.0
2053	0.09104835557245941
3327	1.0
495	1.0
2107	1.0
3599	1.0
3761	1.0
3862	0.09104835557245941
4644	1.0
3391	1.0
4927	1.0
2670	1.0
2696	1.0
3683	1.0
1824	1.0
3443	1.0
220	0.03215957233262549
264	1.0
427	1.0
300	0.03215957233262549
1062	0.03215957233262549
1408	1.0
301	0.03215957233262549
2705	1.0
2710	1.0
252	0.016555206913674157
1598	0.03215957233262549
119	1.0
1584	0.03215957233262549
4360	1.0
4143	1.0
1667	1.0
977	0.03816043865487623
4870	1.0
4266	1.0
287	0.03816043865487623
4315	1.0
91	0.12590197880679957
2564	0.02208065248856349
3240	0.02208065248856349
1357	0.12590197880679957
3425	1.0
4242	0.02208065248856349
2163	1.0
2658	1.0
2824	0.03173697611274867
2858	0.12590197880679957
4249	0.12590197880679957
2124	1.0
3315	0.12590197880679957
92	1.0
1334	1.0
2324	1.0
2348	1.0
3476	1.0
2253	1.0
3892	0.09104835557245941
3323	1.0
1155	1.0
1672	1.0
428	1.0
4115	1.0
4516	1.0
1602	1.0
1202	1.0
3849	1.0
1021	1.0
2355	1.0
1146	1.0
1681	1.0
3039	1.0
2674	1.0
3115	1.0
4136	1.0
4152	1.0
1991	1.0
4339	1.0
4016	1.0
93	0.029972636894762976
115	0.02756383844146514
3045	0.029972636894762976
3598	1.0
420	1.0
2233	1.0
3556	0.016555206913674157
1698	0.02756383844146514
3299	0.12590197880679957
3987	0.03173697611274867
2661	0.03173697611274867
3575	0.02756383844146514
4237	0.02756383844146514
94	1.0
1169	1.0
1398	1.0
1441	1.0
1371	1.0
1430	1.0
2591	1.0
1459	1.0
2641	1.0
1149	1.0
842	1.0
1204	1.0
2472	1.0
3991	1.0
2006	1.0
3379	1.0
575	1.0
95	0.09104835557245941
296	0.09104835557245941
324	0.09104835557245941
455	0.016681985779637202
1551	0.016681985779637202
1565	0.09104835557245941
566	0.09104835557245941
306	0.016681985779637202
2342	0.016681985779637202
3586	1.0
2609	0.09104835557245941
3383	0.09104835557245941
4452	0.09104835557245941
2154	1.0
712	1.0
4169	1.0
2056	0.09104835557245941
2770	1.0
2055	0.09104835557245941
476	1.0
969	1.0
2724	0.09104835557245941
753	1.0
1404	0.09104835557245941
2242	1.0
2225	1.0
752	0.016681985779637202
3306	1.0
4539	1.0
96	1.0
2440	0.12590197880679957
1047	1.0
3033	1.0
4208	0.12590197880679957
3264	0.12590197880679957
2665	0.12590197880679957
3493	1.0
3687	1.0
1946	1.0
2765	1.0
3000	0.12590197880679957
3746	1.0
1953	1.0
1663	1.0
98	0.03622706094893981
151	0.006296683676164518
663	0.03816043865487623
1178	0.006296683676164518
1211	0.006296683676164518
1749	0.016555206913674157
2579	0.006296683676164518
2961	0.006296683676164518
99	1.0
723	1.0
726	1.0
734	1.0
1221	1.0
1819	0.029972636894762976
1826	1.0
190	1.0
835	1.0
2747	0.02756383844146514
2176	1.0
3257	1.0
173	1.0
1141	1.0
4079	0.09104835557245941
2613	0.02756383844146514
3630	0.09104835557245941
3382	0.09104835557245941
180	1.0
716	1.0
193	1.0
261	1.0
520	1.0
4209	1.0
3212	1.0
740	1.0
4687	1.0
100	1.0
4468	0.03173697611274867
4312	1.0
101	1.0
126	1.0
864	1.0
873	1.0
1605	1.0
1836	1.0
2304	1.0
2893	1.0
2935	1.0
3051	1.0
3617	1.0
3431	1.0
2175	1.0
4373	1.0
3020	1.0
2449	1.0
4614	1.0
725	1.0
2059	1.0
4532	0.09104835557245941
499	1.0
617	1.0
104	0.022323645314992657
105	0.022323645314992657
259	0.022323645314992657
641	0.022323645314992657
642	0.022323645314992657
1048	0.09104835557245941
1092	0.09104835557245941
1629	0.09104835557245941
2264	0.022323645314992657
2265	0.022323645314992657
2266	0.022323645314992657
2725	0.09104835557245941
3114	1.0
1998	0.022323645314992657
3776	0.09104835557245941
121	1.0
2054	0.09104835557245941
1694	0.022323645314992657
1632	1.0
106	1.0
1132	1.0
2381	1.0
1463	1.0
4406	1.0
2764	1.0
233	0.09104835557245941
1108	0.09104835557245941
2424	0.12590197880679957
2654	0.0019333777059364204
3029	0.0019333777059364204
2467	0.022323645314992657
2491	0.03173697611274867
108	0.02756383844146514
812	0.02756383844146514
1191	0.02756383844146514
1582	0.02756383844146514
1606	0.02756383844146514
2650	0.02756383844146514
3010	0.02756383844146514
4120	0.02756383844146514
111	1.0
1750	1.0
2984	1.0
3621	1.0
3918	1.0
466	1.0
4263	1.0
3152	1.0
2493	1.0
2823	1.0
612	1.0
1737	1.0
3981	1.0
1189	1.0
4088	1.0
3464	1.0
1741	1.0
112	1.0
124	0.12590197880679957
141	0.12590197880679957
660	0.12590197880679957
687	1.0
1075	1.0
2111	1.0
2181	1.0
2189	0.12590197880679957
2480	0.12590197880679957
2504	1.0
598	0.12590197880679957
2258	0.09104835557245941
3343	1.0
1087	1.0
2120	1.0
3995	1.0
4470	0.12590197880679957
366	1.0
3477	0.02208065248856349
983	0.09104835557245941
4628	0.12590197880679957
3571	0.02756383844146514
3944	0.12590197880679957
3619	0.09104835557245941
1677	0.12590197880679957
4844	0.02756383844146514
4280	1.0
3354	0.02756383844146514
4542	1.0
2974	1.0
453	1.0
209	1.0
4116	0.09104835557245941
3434	0.09104835557245941
4355	0.02756383844146514
4032	1.0
3900	1.0
113	1.0
206	1.0
630	0.12590197880679957
861	0.12590197880679957
940	1.0
2261	1.0
2522	1.0
3235	1.0
3321	1.0
3357	1.0
1754	1.0
3265	1.0
3605	1.0
2541	1.0
3191	1.0
4260	1.0
1800	1.0
3313	1.0
310	1.0
3456	1.0
3762	1.0
114	1.0
833	1.0
952	1.0
1546	1.0
1666	1.0
1870	1.0
2209	1.0
539	1.0
1321	1.0
4459	1.0
1028	1.0
436	1.0
811	1.0
2122	1.0
254	1.0
2327	1.0
2901	1.0
3396	1.0
3234	1.0
3926	1.0
4234	1.0
2538	1.0
118	1.0
1692	1.0
2227	1.0
2285	1.0
3490	1.0
4402	1.0
1293	1.0
1541	1.0
4177	1.0
4098	1.0
3362	1.0
475	1.0
3341	1.0
4689	1.0
1537	1.0
4357	1.0
3463	1.0
1033	1.0
3715	1.0
2445	1.0
1980	1.0
2883	1.0
5059	1.0
392	1.0
4989	1.0
2704	1.0
1451	1.0
1804	1.0
2047	1.0
2744	1.0
1915	1.0
367	1.0
556	1.0
582	0.016555206913674157
1287	0.016555206913674157
1923	0.029972636894762976
2755	0.016555206913674157
1815	1.0
3230	0.013438559792082659
1552	1.0
4400	1.0
4405	1.0
4750	0.016681985779637202
3905	1.0
3101	1.0
4365	0.03622706094893981
3302	1.0
120	1.0
2662	1.0
2741	1.0
961	1.0
3580	1.0
3595	1.0
2319	1.0
4561	1.0
4636	1.0
2016	1.0
2536	1.0
3256	0.004373870875725017
123	0.029972636894762976
125	0.02756383844146514
127	0.02756383844146514
547	0.029972636894762976
548	0.02756383844146514
749	0.029972636894762976
751	0.029972636894762976
1563	0.02756383844146514
1700	0.02756383844146514
1709	1.0
3032	0.02756383844146514
1509	0.02756383844146514
824	0.02756383844146514
707	0.02756383844146514
3763	1.0
3935	0.02756383844146514
2466	0.004373870875725017
4132	0.02756383844146514
4359	0.12590197880679957
1560	0.02756383844146514
2164	0.12590197880679957
3574	0.02756383844146514
4382	0.004373870875725017
3335	0.02756383844146514
3577	0.02756383844146514
2959	0.02756383844146514
2808	0.12590197880679957
3030	1.0
3093	1.0
3730	1.0
3576	0.02756383844146514
128	0.09104835557245941
638	0.09104835557245941
3739	0.09104835557245941
3523	0.09104835557245941
129	1.0
611	1.0
1363	1.0
1420	1.0
2330	1.0
2509	1.0
3227	1.0
3503	1.0
1488	1.0
4023	1.0
3169	1.0
1807	1.0
2277	1.0
3239	1.0
2299	1.0
3484	1.0
2672	1.0
3293	1.0
3210	0.09104835557245941
3654	1.0
2528	1.0
2706	1.0
4660	1.0
3837	1.0
3623	1.0
4029	1.0
1467	1.0
3134	1.0
3373	0.03173697611274867
231	1.0
232	1.0
533	1.0
534	1.0
939	1.0
1134	1.0
3189	1.0
1198	1.0
2444	1.0
4403	1.0
4117	0.004373870875725017
3893	1.0
1241	1.0
452	1.0
3394	1.0
1305	1.0
1491	1.0
1308	1.0
133	1.0
1176	1.0
1502	1.0
1324	1.0
2525	1.0
2555	1.0
2019	1.0
3099	1.0
3772	1.0
3794	1.0
3854	1.0
2565	1.0
2274	1.0
2332	1.0
194	1.0
4378	1.0
4599	1.0
1820	1.0
1933	1.0
4255	1.0
3538	1.0
136	0.02756383844146514
759	1.0
1461	1.0
3330	1.0
3832	1.0
4831	0.02756383844146514
3940	0.029972636894762976
1089	0.022323645314992657
887	1.0
3052	1.0
4404	1.0
1106	1.0
2530	0.09104835557245941
1574	1.0
1810	1.0
139	1.0
164	1.0
3037	1.0
3707	1.0
1938	1.0
3735	1.0
5130	1.0
140	0.09104835557245941
195	1.0
1471	0.09104835557245941
1587	1.0
1589	1.0
579	0.09104835557245941
4327	0.09104835557245941
678	0.09104835557245941
1557	1.0
2768	0.09104835557245941
4980	0.09104835557245941
1617	1.0
2443	1.0
142	1.0
963	0.029972636894762976
985	1.0
207	1.0
1026	1.0
1133	1.0
1831	1.0
2735	0.029972636894762976
2931	0.029972636894762976
1487	1.0
1051	1.0
2561	0.03173697611274867
1581	1.0
143	1.0
836	1.0
1190	1.0
2876	1.0
2928	1.0
3833	1.0
4589	1.0
4167	1.0
4464	1.0
3766	0.12590197880679957
1908	1.0
3699	1.0
144	0.013438559792082659
1396	0.016555206913674157
1409	0.016555206913674157
2174	0.12590197880679957
5019	0.016555206913674157
145	1.0
1107	1.0
2262	1.0
2805	1.0
3515	1.0
3369	1.0
3858	1.0
5050	1.0
147	1.0
1422	0.12590197880679957
1423	0.12590197880679957
1547	1.0
2186	0.12590197880679957
2367	0.12590197880679957
3024	1.0
3563	1.0
3999	1.0
3117	1.0
4287	1.0
2867	1.0
3955	1.0
2007	1.0
4440	0.12590197880679957
2218	1.0
148	0.006296683676164518
908	0.03215957233262549
932	0.006296683676164518
2499	0.03215957233262549
2995	0.006296683676164518
3106	0.03816043865487623
3279	0.03215957233262549
3826	0.006296683676164518
150	1.0
471	1.0
2485	1.0
2902	1.0
1140	1.0
4502	1.0
4261	1.0
1817	1.0
2214	1.0
4677	1.0
442	1.0
1135	1.0
4914	1.0
970	1.0
3182	1.0
155	1.0
702	0.12590197880679957
1195	0.12590197880679957
2992	0.12590197880679957
3704	0.12590197880679957
3301	1.0
3786	0.12590197880679957
4873	1.0
3964	0.12590197880679957
2084	1.0
157	1.0
631	0.0019333777059364204
732	0.0019333777059364204
834	1.0
1685	0.0019333777059364204
2314	0.0019333777059364204
3120	1.0
3919	1.0
4217	1.0
3031	1.0
4500	1.0
1439	0.0019333777059364204
1354	1.0
5109	0.0019333777059364204
5090	1.0
859	1.0
458	1.0
163	1.0
235	1.0
2683	1.0
3888	1.0
1905	1.0
4126	1.0
2482	1.0
992	1.0
3074	1.0
2044	1.0
2291	1.0
3116	1.0
3974	1.0
4090	1.0
3089	1.0
196	1.0
4267	1.0
4415	1.0
2688	1.0
1924	1.0
165	1.0
1067	1.0
321	1.0
4015	1.0
3295	1.0
2895	1.0
1791	1.0
3124	1.0
3131	1.0
2050	1.0
167	0.09104835557245941
1576	0.09104835557245941
3459	0.09104835557245941
1729	1.0
2518	1.0
168	0.022323645314992657
1344	1.0
2973	1.0
2709	1.0
769	1.0
782	1.0
929	1.0
1725	1.0
2065	1.0
2091	1.0
2456	1.0
1645	0.09104835557245941
3237	0.09104835557245941
3284	1.0
3887	1.0
4477	1.0
1860	1.0
4174	1.0
4640	1.0
1718	1.0
4411	1.0
758	1.0
4911	1.0
3521	1.0
675	1.0
312	1.0
2066	1.0
3622	1.0
2985	1.0
2687	1.0
4124	1.0
4292	1.0
1069	1.0
4758	1.0
3568	1.0
1665	1.0
972	1.0
3209	1.0
172	0.12590197880679957
275	0.12590197880679957
307	0.12590197880679957
308	0.12590197880679957
479	0.12590197880679957
480	0.12590197880679957
481	0.12590197880679957
482	0.12590197880679957
1118	0.12590197880679957
1138	0.12590197880679957
1500	0.12590197880679957
1501	0.12590197880679957
2203	0.12590197880679957
2363	0.12590197880679957
2364	0.12590197880679957
2942	0.02208065248856349
3685	0.12590197880679957
4082	0.12590197880679957
4106	0.12590197880679957
3803	0.12590197880679957
1153	1.0
3691	0.12590197880679957
2020	0.12590197880679957
4080	0.12590197880679957
4751	1.0
637	0.09104835557245941
639	0.09104835557245941
640	0.09104835557245941
1477	0.09104835557245941
1493	0.09104835557245941
336	1.0
2245	0.09104835557245941
3841	0.09104835557245941
3723	1.0
1364	0.09104835557245941
1944	0.09104835557245941
174	0.09104835557245941
1061	0.09104835557245941
3740	0.12590197880679957
2078	1.0
885	1.0
924	1.0
3690	1.0
1712	1.0
2553	1.0
3368	1.0
2322	1.0
2388	1.0
4776	1.0
253	1.0
179	1.0
851	0.028144908243795758
2716	1.0
2717	1.0
2715	1.0
4103	1.0
276	1.0
3731	1.0
3799	1.0
657	0.03173697611274867
2379	0.029972636894762976
2574	1.0
3613	0.12590197880679957
3779	0.09104835557245941
2194	0.12590197880679957
994	0.12590197880679957
2136	1.0
4635	1.0
4207	0.09104835557245941
1713	1.0
3593	1.0
550	1.0
4810	0.09104835557245941
4301	0.09104835557245941
223	1.0
2060	1.0
3084	1.0
2369	1.0
3345	1.0
3028	1.0
1779	1.0
3233	1.0
371	1.0
1379	1.0
3178	1.0
1380	1.0
1104	1.0
1597	1.0
4617	1.0
2287	0.029972636894762976
948	1.0
1921	1.0
4238	1.0
4815	1.0
1307	1.0
3597	1.0
1561	1.0
2766	1.0
4060	1.0
289	1.0
182	1.0
577	0.09104835557245941
3047	1.0
3148	1.0
4662	1.0
1217	0.09104835557245941
3224	1.0
1330	1.0
2503	1.0
2910	1.0
2546	1.0
4026	1.0
492	1.0
3863	1.0
1668	1.0
183	1.0
185	1.0
362	1.0
616	1.0
754	1.0
755	1.0
785	1.0
2257	1.0
2756	1.0
3442	1.0
4012	1.0
537	1.0
3245	1.0
2182	1.0
438	1.0
3440	1.0
4637	1.0
2624	1.0
1421	1.0
3108	0.013438559792082659
184	0.09104835557245941
3097	0.09104835557245941
1852	0.12590197880679957
187	1.0
401	1.0
840	1.0
3339	1.0
1313	1.0
3044	1.0
188	1.0
3023	1.0
1893	1.0
391	1.0
406	1.0
529	0.02208065248856349
832	1.0
911	1.0
1091	1.0
1276	1.0
2094	1.0
1580	1.0
2095	1.0
2097	1.0
2104	1.0
2051	1.0
2105	0.09104835557245941
2200	1.0
2307	1.0
1143	1.0
2308	1.0
1966	1.0
737	1.0
804	1.0
3408	1.0
3381	0.09104835557245941
3416	0.09104835557245941
3421	0.09104835557245941
2759	0.09104835557245941
3422	0.09104835557245941
3423	0.09104835557245941
1229	0.09104835557245941
805	0.12590197880679957
1788	1.0
3713	1.0
3714	1.0
3724	0.09104835557245941
3468	1.0
328	0.09104835557245941
2907	0.09104835557245941
3719	0.09104835557245941
4050	0.09104835557245941
3281	0.09104835557245941
4140	0.09104835557245941
862	1.0
4248	0.09104835557245941
796	0.09104835557245941
1949	0.12590197880679957
4220	0.12590197880679957
3916	1.0
277	1.0
3628	1.0
2573	1.0
4564	1.0
4020	0.02208065248856349
3784	0.12590197880679957
923	0.12590197880679957
4369	1.0
4915	0.02208065248856349
2064	0.016555206913674157
2788	0.016555206913674157
4425	1.0
4056	0.029972636894762976
1310	1.0
2112	1.0
191	1.0
691	1.0
1145	1.0
2882	1.0
3753	1.0
3176	1.0
192	0.03215957233262549
2436	1.0
3774	1.0
4052	0.03215957233262549
1284	0.09104835557245941
5025	0.03816043865487623
515	1.0
1662	1.0
4006	1.0
4072	1.0
4129	1.0
2406	1.0
1902	1.0
828	1.0
3107	1.0
3376	1.0
400	1.0
404	1.0
655	1.0
656	1.0
658	1.0
659	1.0
943	1.0
950	1.0
1065	1.0
1970	0.09104835557245941
1971	0.09104835557245941
2229	1.0
2247	1.0
2248	1.0
1131	1.0
2429	1.0
2455	1.0
2630	1.0
2827	1.0
2886	1.0
3524	1.0
3643	1.0
2040	1.0
2960	1.0
2089	1.0
4168	1.0
4170	1.0
4171	1.0
1614	1.0
4185	1.0
4188	1.0
4191	1.0
4334	1.0
4351	1.0
1512	1.0
2036	1.0
2531	1.0
3181	1.0
2022	1.0
3539	1.0
4430	1.0
4782	1.0
4784	1.0
1346	1.0
2837	1.0
3694	1.0
827	1.0
5033	1.0
5035	1.0
5036	1.0
5040	1.0
2539	1.0
1376	1.0
2318	1.0
3201	1.0
1097	1.0
2693	1.0
197	1.0
757	1.0
770	1.0
936	1.0
825	1.0
1123	1.0
2739	1.0
3110	1.0
3486	1.0
3514	1.0
3541	1.0
1654	1.0
4391	1.0
2046	1.0
5112	1.0
199	0.03215957233262549
262	0.03215957233262549
389	0.03215957233262549
468	0.03215957233262549
514	0.03215957233262549
545	0.03215957233262549
568	0.03215957233262549
588	0.03215957233262549
926	0.03215957233262549
1083	0.03215957233262549
1553	0.03215957233262549
1695	0.03215957233262549
1764	0.03215957233262549
1809	0.03215957233262549
1835	0.03215957233262549
1842	0.03215957233262549
1884	0.03215957233262549
2160	0.03215957233262549
2357	0.03215957233262549
2568	0.03215957233262549
2838	0.03215957233262549
3560	0.03816043865487623
4302	0.03215957233262549
4375	0.03215957233262549
4377	0.03816043865487623
1620	0.02756383844146514
4388	0.02756383844146514
1790	0.03215957233262549
4793	0.03215957233262549
4805	0.03215957233262549
4807	0.03215957233262549
4808	0.03215957233262549
4978	0.03816043865487623
5095	0.03215957233262549
5038	0.03215957233262549
780	0.03215957233262549
3827	0.006296683676164518
1351	1.0
2037	1.0
1391	1.0
242	1.0
1871	1.0
1008	1.0
1124	1.0
673	1.0
3441	1.0
4514	1.0
3347	1.0
202	1.0
3056	1.0
500	1.0
3100	1.0
3726	1.0
2722	1.0
1038	1.0
4895	1.0
1722	1.0
3195	1.0
1594	1.0
203	0.028144908243795758
1332	0.028144908243795758
2198	0.03215957233262549
3748	0.028144908243795758
4096	0.028144908243795758
204	1.0
4074	1.0
4176	1.0
1558	1.0
2996	1.0
1159	1.0
2707	1.0
4598	1.0
1365	1.0
205	1.0
1007	0.09104835557245941
1265	0.02756383844146514
3951	1.0
2903	0.02756383844146514
4656	1.0
368	0.02756383844146514
409	0.029972636894762976
1341	1.0
1342	1.0
1724	0.02756383844146514
3850	0.03816043865487623
1678	0.004373870875725017
4297	0.03173697611274867
4937	1.0
2269	1.0
210	1.0
922	1.0
945	1.0
1093	1.0
1103	1.0
491	1.0
3009	1.0
2745	1.0
613	1.0
1618	1.0
4494	1.0
4091	1.0
3838	1.0
2017	1.0
4380	1.0
4804	1.0
212	0.03816043865487623
346	0.03816043865487623
838	0.03816043865487623
1185	0.03816043865487623
4691	0.03816043865487623
4744	0.03816043865487623
213	0.03816043865487623
315	1.0
2067	1.0
2083	0.03816043865487623
2195	0.03816043865487623
1510	1.0
3588	1.0
528	0.016555206913674157
2929	1.0
2655	0.03816043865487623
3144	1.0
4600	1.0
4615	1.0
3948	1.0
4799	1.0
215	1.0
374	1.0
933	0.12590197880679957
1986	1.0
2296	1.0
2563	1.0
2736	1.0
3385	0.12590197880679957
3458	0.12590197880679957
3502	1.0
3558	0.12590197880679957
3366	1.0
1929	1.0
1215	1.0
3119	1.0
3022	1.0
3773	1.0
3663	1.0
1429	1.0
888	1.0
3206	1.0
218	0.09104835557245941
219	0.09104835557245941
3356	1.0
3609	0.09104835557245941
1291	1.0
1292	1.0
2284	0.029972636894762976
2865	1.0
4740	1.0
4393	1.0
225	1.0
372	1.0
4105	1.0
3966	1.0
2871	1.0
365	1.0
2789	1.0
3365	1.0
3250	1.0
3764	1.0
1927	1.0
4017	1.0
1697	1.0
2321	1.0
2481	1.0
2543	1.0
3793	1.0
1719	1.0
2092	1.0
2125	1.0
3448	1.0
4069	1.0
1830	1.0
4210	1.0
1373	1.0
3036	1.0
229	1.0
2460	1.0
3769	1.0
511	1.0
234	0.12590197880679957
2476	0.12590197880679957
2853	0.02208065248856349
3216	0.12590197880679957
3732	0.12590197880679957
2465	0.12590197880679957
237	0.09104835557245941
593	0.09104835557245941
1472	0.09104835557245941
1222	0.09104835557245941
3427	0.09104835557245941
294	1.0
1257	1.0
4569	1.0
238	1.0
2283	1.0
3467	1.0
3151	1.0
4322	1.0
2860	1.0
3566	1.0
2463	1.0
1731	1.0
3741	1.0
4387	1.0
1433	0.12590197880679957
3475	1.0
3589	0.12590197880679957
830	1.0
240	0.029972636894762976
1172	1.0
2208	0.02756383844146514
3618	1.0
4145	1.0
241	0.03622706094893981
4142	0.03622706094893981
3939	0.013438559792082659
3286	0.03622706094893981
4951	1.0
4680	0.03622706094893981
5073	0.03622706094893981
3678	1.0
4262	1.0
2885	1.0
4897	1.0
3304	1.0
4035	1.0
507	1.0
5108	1.0
689	1.0
3679	1.0
3508	1.0
3175	1.0
4086	1.0
518	1.0
244	1.0
1003	1.0
2400	1.0
3363	1.0
245	0.03622706094893981
2497	0.03622706094893981
4160	0.016681985779637202
1186	0.03622706094893981
3554	0.03622706094893981
1879	0.03622706094893981
1478	0.03622706094893981
4552	0.03622706094893981
4593	0.03622706094893981
4594	0.03622706094893981
1004	0.016555206913674157
2147	0.016555206913674157
4642	0.03622706094893981
4673	0.03622706094893981
4720	0.03622706094893981
5037	0.03622706094893981
2521	0.03622706094893981
5084	0.03622706094893981
2587	0.03622706094893981
5096	0.03622706094893981
5099	0.03622706094893981
5100	0.03622706094893981
5107	0.03622706094893981
4219	0.016555206913674157
829	0.006518546691599843
1470	1.0
1524	1.0
1431	1.0
3813	1.0
4122	1.0
2908	1.0
4431	1.0
2868	1.0
4871	1.0
247	1.0
1542	1.0
4291	1.0
1053	1.0
667	1.0
4627	1.0
3547	1.0
3300	1.0
248	1.0
3616	1.0
3424	1.0
2712	1.0
553	1.0
1242	0.12590197880679957
1394	0.12590197880679957
1767	0.12590197880679957
1847	0.12590197880679957
3199	1.0
257	1.0
3207	1.0
1890	1.0
4353	1.0
1498	1.0
1583	1.0
2349	1.0
2589	1.0
2076	1.0
3993	1.0
3123	1.0
4227	1.0
531	1.0
2477	1.0
3778	1.0
418	1.0
2723	1.0
3894	1.0
2899	1.0
5042	1.0
4320	1.0
4183	1.0
3932	1.0
4349	1.0
2423	1.0
256	1.0
863	0.12590197880679957
1490	1.0
1494	1.0
1963	1.0
4137	0.12590197880679957
4269	0.12590197880679957
3840	1.0
4011	1.0
4165	1.0
2869	0.12590197880679957
2890	0.12590197880679957
3197	0.12590197880679957
3871	0.12590197880679957
3349	1.0
3190	1.0
2703	1.0
1025	1.0
3271	1.0
3242	1.0
3002	1.0
4350	1.0
373	1.0
359	0.09104835557245941
1822	0.09104835557245941
1945	0.09104835557245941
2990	1.0
5113	1.0
3600	1.0
263	0.09104835557245941
1850	0.09104835557245941
3103	0.12590197880679957
265	1.0
267	1.0
447	1.0
1086	1.0
1910	1.0
2815	1.0
3167	1.0
1904	1.0
3298	1.0
4384	1.0
2372	1.0
3564	1.0
1167	1.0
4065	1.0
821	1.0
472	1.0
1798	1.0
2854	1.0
1056	1.0
2729	1.0
2123	1.0
3706	1.0
810	1.0
986	1.0
2909	1.0
2701	1.0
4427	1.0
3511	1.0
2517	1.0
3078	1.0
3882	1.0
3243	1.0
844	1.0
3960	0.029972636894762976
271	0.006518546691599843
850	0.006518546691599843
739	1.0
1638	0.03622706094893981
273	0.02756383844146514
2062	0.028144908243795758
2179	1.0
4953	0.02756383844146514
1285	1.0
3855	1.0
3569	0.029972636894762976
2298	1.0
2240	0.03215957233262549
2830	1.0
278	1.0
3184	1.0
1821	1.0
665	1.0
3081	1.0
4290	1.0
3629	1.0
2002	1.0
3928	1.0
1877	0.09104835557245941
4924	1.0
3802	1.0
4856	1.0
763	1.0
1136	1.0
333	1.0
4604	1.0
2042	1.0
279	1.0
3499	1.0
2695	1.0
1864	0.12590197880679957
4585	1.0
3851	1.0
280	0.03816043865487623
410	0.013438559792082659
1232	1.0
1275	0.013438559792082659
2506	0.013438559792082659
3768	0.03816043865487623
4647	1.0
1434	1.0
3223	1.0
3180	1.0
3326	1.0
3870	1.0
3985	1.0
3273	1.0
4203	1.0
1438	1.0
281	1.0
1393	1.0
1881	1.0
439	1.0
3765	1.0
2129	1.0
282	0.013438559792082659
2980	1.0
3876	0.013438559792082659
2362	0.03622706094893981
1263	0.013438559792082659
1981	0.03622706094893981
573	0.016555206913674157
1460	1.0
1903	1.0
1987	1.0
2737	1.0
3450	1.0
3196	1.0
4458	1.0
542	1.0
285	1.0
4418	1.0
1969	1.0
1040	1.0
3364	1.0
1701	1.0
4849	1.0
784	1.0
3520	1.0
2337	1.0
2835	1.0
4051	0.03816043865487623
288	1.0
3229	1.0
2874	1.0
2891	1.0
1513	1.0
2462	1.0
3072	1.0
4053	1.0
693	1.0
4043	1.0
3821	1.0
1384	1.0
991	1.0
1274	1.0
2023	1.0
2347	1.0
2588	1.0
1457	0.09104835557245941
3798	1.0
4408	1.0
4535	0.09104835557245941
4755	1.0
1777	1.0
291	1.0
292	1.0
1742	1.0
3090	1.0
3676	0.12590197880679957
2380	1.0
4555	1.0
2671	1.0
1647	1.0
3136	1.0
3027	1.0
3483	1.0
2306	1.0
2336	1.0
3064	1.0
295	1.0
297	1.0
317	1.0
3406	1.0
3545	1.0
3561	1.0
5007	1.0
5011	1.0
3501	1.0
303	0.016555206913674157
478	0.013438559792082659
2422	0.016555206913674157
3393	0.013438559792082659
2378	0.013438559792082659
4110	0.013438559792082659
4441	0.013438559792082659
4742	0.016555206913674157
5046	0.013438559792082659
5069	0.013438559792082659
2255	0.02756383844146514
2361	0.013438559792082659
1290	1.0
2081	0.03622706094893981
848	0.016555206913674157
3358	0.016555206913674157
3192	0.016555206913674157
309	1.0
3411	0.006296683676164518
3931	0.03622706094893981
4827	0.016681985779637202
1691	0.016555206913674157
2507	1.0
2219	1.0
3938	1.0
4018	1.0
1636	1.0
2387	1.0
1320	1.0
3069	1.0
314	0.12590197880679957
845	1.0
3632	0.12590197880679957
744	1.0
4608	0.12590197880679957
3846	1.0
2981	0.12590197880679957
4172	0.12590197880679957
3035	0.12590197880679957
356	1.0
802	1.0
2625	1.0
3185	1.0
1111	1.0
3474	1.0
3509	1.0
4058	1.0
320	1.0
1780	1.0
1732	1.0
1573	1.0
987	1.0
1706	1.0
340	1.0
892	1.0
3409	1.0
2622	1.0
3252	1.0
2983	1.0
4155	1.0
3518	1.0
3848	1.0
1786	1.0
2396	1.0
2281	1.0
3612	1.0
822	1.0
2401	1.0
2791	1.0
2197	1.0
849	1.0
2884	1.0
1763	1.0
3249	1.0
4540	1.0
2578	1.0
2906	1.0
1564	1.0
3141	1.0
1340	1.0
3512	1.0
4798	1.0
1976	1.0
3095	1.0
4009	1.0
4657	0.12590197880679957
3705	1.0
1079	1.0
2217	0.03622706094893981
1912	0.03622706094893981
1157	1.0
4229	1.0
1399	0.03622706094893981
956	0.03622706094893981
327	1.0
551	1.0
624	1.0
664	0.03173697611274867
1200	0.03173697611274867
2930	0.03173697611274867
2954	1.0
4361	0.12590197880679957
1226	0.09104835557245941
1353	1.0
2451	0.09104835557245941
3537	1.0
4786	1.0
799	1.0
1428	1.0
1539	1.0
3861	1.0
2428	1.0
4101	1.0
4010	1.0
774	1.0
4264	0.09104835557245941
1277	1.0
1894	1.0
4121	1.0
2913	1.0
2025	1.0
2370	1.0
3532	1.0
3263	1.0
4230	1.0
3906	1.0
4573	1.0
3743	1.0
2898	1.0
4507	1.0
2335	1.0
1746	1.0
1166	1.0
3485	1.0
978	1.0
1736	1.0
3153	1.0
2276	1.0
1989	1.0
1622	1.0
2818	1.0
2825	1.0
1082	1.0
2819	1.0
4190	1.0
1833	1.0
4754	1.0
5083	1.0
521	1.0
2161	1.0
2205	1.0
2602	1.0
1022	1.0
1862	1.0
3830	1.0
1218	1.0
559	1.0
3969	1.0
339	0.12590197880679957
3374	0.02208065248856349
4634	0.12590197880679957
4986	0.02208065248856349
1957	0.02208065248856349
5039	1.0
463	1.0
2795	1.0
4279	0.09104835557245941
413	1.0
3636	1.0
4524	1.0
341	0.12590197880679957
342	0.12590197880679957
1273	0.12590197880679957
1299	1.0
1300	1.0
1448	0.12590197880679957
380	1.0
343	1.0
1381	1.0
3142	1.0
1213	1.0
2953	0.03622706094893981
1805	0.03622706094893981
4481	0.013438559792082659
4830	0.03622706094893981
557	1.0
1279	1.0
1853	1.0
3478	1.0
3488	1.0
4433	1.0
3716	1.0
352	1.0
563	1.0
3061	1.0
3750	1.0
1360	1.0
2811	1.0
4785	1.0
4553	1.0
2300	1.0
2008	1.0
2572	1.0
4024	1.0
3758	1.0
1129	1.0
4078	1.0
3670	1.0
1785	1.0
4432	1.0
2873	1.0
3885	1.0
3744	1.0
1005	1.0
4379	1.0
3419	1.0
2484	1.0
3780	1.0
3972	1.0
4154	1.0
4963	1.0
2110	1.0
5003	1.0
363	1.0
788	0.022323645314992657
1245	1.0
1246	1.0
1247	1.0
3747	0.022323645314992657
3867	1.0
4395	1.0
4826	0.022323645314992657
2474	1.0
2596	1.0
3471	0.022323645314992657
3963	1.0
1960	1.0
2169	1.0
3607	1.0
4274	1.0
1562	1.0
2293	1.0
4002	1.0
369	1.0
971	1.0
1588	1.0
2809	1.0
2790	1.0
3038	1.0
394	1.0
3975	1.0
1973	1.0
2708	1.0
1996	1.0
632	1.0
1436	1.0
2734	1.0
1899	1.0
3203	1.0
3949	1.0
4163	1.0
3736	1.0
3177	1.0
4913	1.0
1548	0.09104835557245941
2256	0.09104835557245941
2376	1.0
2897	0.02208065248856349
3389	0.02208065248856349
3390	0.02208065248856349
1972	0.12590197880679957
572	0.03622706094893981
2690	0.03622706094893981
3531	0.03622706094893981
1024	0.03622706094893981
3489	0.03622706094893981
633	1.0
999	1.0
1012	1.0
1054	1.0
2731	1.0
3771	1.0
2798	1.0
4186	1.0
2651	1.0
1392	1.0
4513	1.0
387	0.016555206913674157
1670	1.0
5026	0.016555206913674157
4772	1.0
388	1.0
3986	0.022323645314992657
2692	1.0
390	1.0
1179	1.0
3068	1.0
3896	1.0
435	1.0
393	1.0
4398	1.0
4572	1.0
1687	1.0
1297	1.0
2426	1.0
3781	1.0
3077	1.0
396	1.0
421	1.0
425	1.0
603	1.0
965	0.12590197880679957
988	0.12590197880679957
990	0.12590197880679957
993	0.022323645314992657
1068	1.0
1070	1.0
1201	1.0
1368	0.12590197880679957
1684	1.0
2425	1.0
2631	1.0
2738	1.0
2923	1.0
3222	1.0
3662	1.0
2577	1.0
4178	1.0
4213	1.0
2215	1.0
4295	1.0
4652	1.0
4472	1.0
2618	1.0
4702	1.0
4705	1.0
4722	0.12590197880679957
4721	0.12590197880679957
4515	1.0
4848	1.0
4910	0.12590197880679957
4940	1.0
4943	1.0
4971	1.0
4981	1.0
823	1.0
4973	1.0
4233	1.0
4938	1.0
5106	1.0
722	0.03622706094893981
2043	0.016555206913674157
3319	1.0
3720	0.12590197880679957
4059	0.12590197880679957
4509	0.12590197880679957
1766	1.0
3592	1.0
2921	1.0
957	1.0
3787	1.0
4794	1.0
4979	1.0
2184	1.0
399	1.0
1127	1.0
1481	0.02756383844146514
2562	1.0
2697	1.0
3806	1.0
3929	1.0
2977	1.0
3527	1.0
4643	1.0
4541	1.0
1244	1.0
4836	1.0
3435	1.0
5092	1.0
1682	0.12590197880679957
2230	1.0
2594	1.0
4218	1.0
3296	1.0
2570	1.0
2628	1.0
4765	1.0
3015	0.09104835557245941
891	1.0
3205	0.03816043865487623
4407	1.0
4708	0.016555206913674157
4083	0.016681985779637202
3835	1.0
3402	1.0
3096	1.0
1052	1.0
3796	1.0
414	0.09104835557245941
643	0.09104835557245941
2439	0.09104835557245941
2583	0.09104835557245941
2603	0.016681985779637202
731	0.016681985779637202
4898	0.016681985779637202
2241	0.022323645314992657
801	0.09104835557245941
2099	0.09104835557245941
415	1.0
3594	1.0
3925	1.0
1975	1.0
3970	1.0
1152	1.0
1696	0.12590197880679957
4358	1.0
3067	1.0
3783	1.0
4521	1.0
459	1.0
3378	1.0
1193	1.0
540	1.0
761	1.0
1497	1.0
1613	1.0
670	1.0
760	1.0
4624	1.0
1616	1.0
4156	1.0
4946	1.0
426	0.03816043865487623
1834	0.006296683676164518
2633	1.0
2638	1.0
967	1.0
1882	1.0
3625	1.0
4147	1.0
2392	1.0
4771	0.022323645314992657
3221	1.0
2271	1.0
4061	1.0
4964	1.0
431	1.0
1130	1.0
3673	1.0
433	0.03173697611274867
1868	0.03173697611274867
2352	0.03173697611274867
2781	0.02208065248856349
2989	0.03173697611274867
434	1.0
4684	1.0
1418	1.0
509	1.0
839	1.0
920	1.0
1095	1.0
1177	1.0
2457	1.0
3626	1.0
4062	1.0
1872	1.0
5060	1.0
3091	1.0
2684	1.0
745	0.03622706094893981
910	1.0
1248	0.03622706094893981
3460	0.03622706094893981
3312	0.03622706094893981
4620	0.03622706094893981
4063	1.0
3898	1.0
441	1.0
636	1.0
4813	1.0
2900	1.0
1295	1.0
2668	1.0
445	0.029972636894762976
1096	0.029972636894762976
3945	0.02756383844146514
3183	0.02756383844146514
4916	1.0
4954	1.0
446	0.12590197880679957
451	0.12590197880679957
1055	0.12590197880679957
2329	0.12590197880679957
4092	0.12590197880679957
4586	0.12590197880679957
2932	0.12590197880679957
449	0.006296683676164518
450	0.03816043865487623
3971	1.0
2358	1.0
2975	1.0
3756	1.0
3817	1.0
3782	1.0
701	1.0
2855	1.0
883	1.0
4376	1.0
3336	1.0
4544	1.0
4512	1.0
3462	1.0
2856	1.0
462	0.12590197880679957
958	0.12590197880679957
3834	0.12590197880679957
1319	1.0
4133	1.0
467	0.03622706094893981
1703	0.013438559792082659
2131	0.03215957233262549
3544	0.03215957233262549
2964	0.03215957233262549
4545	0.03816043865487623
469	1.0
2605	1.0
473	0.028144908243795758
1407	0.028144908243795758
1410	0.028144908243795758
4780	0.028144908243795758
927	1.0
1990	1.0
1702	1.0
3540	1.0
4763	1.0
3280	1.0
4383	1.0
2344	1.0
2289	1.0
881	1.0
477	0.09104835557245941
959	0.09104835557245941
1325	0.09104835557245941
2166	0.09104835557245941
2187	0.09104835557245941
2297	0.09104835557245941
3314	0.09104835557245941
3624	0.09104835557245941
3930	0.09104835557245941
3681	0.09104835557245941
4392	0.09104835557245941
501	1.0
2407	1.0
2698	1.0
3218	1.0
2309	1.0
683	1.0
3886	1.0
3884	1.0
485	0.029972636894762976
487	0.029972636894762976
1495	1.0
1837	0.029972636894762976
4448	0.029972636894762976
486	1.0
941	1.0
3260	1.0
653	1.0
3965	1.0
846	1.0
488	1.0
946	1.0
1085	1.0
1761	1.0
1823	1.0
2249	1.0
2383	1.0
2943	1.0
3800	1.0
4824	1.0
4993	1.0
5081	1.0
925	1.0
1367	1.0
2611	1.0
493	0.022323645314992657
736	0.022323645314992657
798	0.022323645314992657
2033	0.029972636894762976
4420	0.029972636894762976
767	1.0
4434	1.0
3370	1.0
4273	1.0
2545	1.0
4150	1.0
497	0.02756383844146514
2585	0.02756383844146514
2732	1.0
3815	0.09104835557245941
498	0.03622706094893981
1828	0.03622706094893981
2338	0.03816043865487623
2952	0.013438559792082659
2403	0.006296683676164518
4651	0.03622706094893981
4926	0.006296683676164518
1322	1.0
2282	1.0
2410	1.0
2988	1.0
3788	1.0
3865	1.0
3318	1.0
2100	1.0
4250	0.12590197880679957
3579	1.0
506	0.03816043865487623
1526	0.03816043865487623
1020	1.0
3738	1.0
852	1.0
690	1.0
2311	1.0
4232	1.0
3290	1.0
2239	1.0
1289	1.0
4113	0.029972636894762976
3262	0.022323645314992657
3083	1.0
4741	0.12590197880679957
519	1.0
820	1.0
1866	1.0
2003	1.0
2088	1.0
3668	1.0
583	0.028144908243795758
4247	0.013438559792082659
4294	1.0
3340	1.0
2010	1.0
522	0.016681985779637202
1511	0.03173697611274867
1784	0.09104835557245941
4659	0.016681985779637202
523	1.0
524	1.0
735	1.0
1796	1.0
1797	1.0
3288	1.0
3646	1.0
875	0.12590197880679957
2345	1.0
4396	1.0
3166	0.02756383844146514
2359	0.016555206913674157
5043	1.0
787	1.0
1122	1.0
2031	1.0
4681	0.09104835557245941
4694	1.0
4450	1.0
4449	1.0
530	0.12590197880679957
578	0.12590197880679957
644	0.12590197880679957
592	0.03173697611274867
1080	0.03173697611274867
1854	0.02208065248856349
3446	0.02208065248856349
4738	0.12590197880679957
3392	0.02208065248856349
5097	0.03173697611274867
1440	1.0
1624	1.0
3160	1.0
3710	1.0
1728	1.0
3447	1.0
532	0.02756383844146514
3387	0.02756383844146514
4497	0.02756383844146514
2446	0.03173697611274867
1816	0.12590197880679957
4139	0.02756383844146514
4967	0.03173697611274867
3653	0.12590197880679957
3375	0.03173697611274867
4704	0.022323645314992657
4833	0.03173697611274867
536	0.09104835557245941
3729	1.0
1014	1.0
1876	1.0
4495	1.0
906	1.0
541	1.0
781	1.0
3384	0.02756383844146514
2719	1.0
544	0.028144908243795758
549	0.028144908243795758
1543	0.028144908243795758
2601	0.028144908243795758
2772	0.028144908243795758
3921	0.028144908243795758
2121	1.0
1098	1.0
607	0.09104835557245941
919	1.0
3852	0.09104835557245941
561	1.0
565	1.0
567	1.0
748	1.0
1077	1.0
1336	1.0
1358	1.0
2202	1.0
2397	1.0
2634	1.0
2643	1.0
3868	1.0
3913	1.0
4768	0.02756383844146514
2114	1.0
5065	1.0
614	0.09104835557245941
684	0.09104835557245941
4352	0.09104835557245941
569	1.0
570	0.016681985779637202
571	0.016681985779637202
2000	0.016555206913674157
1733	1.0
3702	1.0
4134	0.02756383844146514
4718	0.03622706094893981
4929	0.016555206913674157
574	0.12590197880679957
1001	0.02208065248856349
5093	0.02208065248856349
576	0.03622706094893981
2416	0.03622706094893981
2399	0.006296683676164518
3113	0.09104835557245941
3859	0.09104835557245941
601	0.12590197880679957
1517	1.0
2015	1.0
2058	1.0
3843	1.0
3168	1.0
747	1.0
4284	1.0
4138	1.0
3309	1.0
4048	0.03622706094893981
4811	0.016555206913674157
587	0.022323645314992657
4493	1.0
596	0.02756383844146514
2512	0.02756383844146514
3270	0.02756383844146514
4085	0.02756383844146514
4030	1.0
2339	0.12590197880679957
1309	1.0
4955	0.09104835557245941
600	0.12590197880679957
966	0.12590197880679957
974	0.12590197880679957
1147	0.12590197880679957
1339	0.12590197880679957
1349	0.12590197880679957
1352	0.12590197880679957
1443	0.12590197880679957
1550	0.12590197880679957
1869	0.12590197880679957
3712	0.12590197880679957
4118	0.12590197880679957
610	0.03816043865487623
2090	0.03215957233262549
2547	0.03816043865487623
2678	1.0
3320	1.0
1566	1.0
3137	1.0
4222	1.0
621	0.016681985779637202
3118	0.016681985779637202
626	1.0
3697	1.0
3804	0.09104835557245941
3805	1.0
4554	1.0
4044	1.0
3041	0.029972636894762976
2749	0.12590197880679957
4363	0.09104835557245941
4616	0.12590197880679957
4654	0.09104835557245941
2826	0.02208065248856349
4800	0.09104835557245941
4256	1.0
649	0.006518546691599843
893	0.006518546691599843
692	0.12590197880679957
3453	0.12590197880679957
651	1.0
1227	0.12590197880679957
4064	1.0
652	1.0
913	1.0
1234	1.0
1235	1.0
1236	1.0
1397	1.0
1895	1.0
2389	1.0
654	0.03173697611274867
2642	1.0
4362	1.0
4214	0.12590197880679957
886	1.0
976	1.0
3305	1.0
3737	1.0
4031	1.0
2956	1.0
3170	1.0
4305	0.09104835557245941
4193	1.0
671	0.03622706094893981
3403	0.013438559792082659
672	1.0
1170	1.0
3186	1.0
676	1.0
2063	1.0
2286	0.09104835557245941
4602	1.0
682	1.0
857	1.0
2168	1.0
738	0.09104835557245941
2302	1.0
4773	0.09104835557245941
4997	0.09104835557245941
5101	1.0
5122	1.0
688	0.12590197880679957
1676	0.02208065248856349
2263	0.12590197880679957
4323	1.0
4549	1.0
4482	1.0
4550	1.0
4672	0.12590197880679957
4669	1.0
949	1.0
3651	1.0
4202	1.0
2614	1.0
3657	1.0
1090	1.0
695	1.0
1803	1.0
1992	1.0
697	1.0
698	0.03173697611274867
1720	1.0
2758	0.03173697611274867
2414	0.004373870875725017
705	0.016555206913674157
1570	0.013438559792082659
779	1.0
1832	0.02756383844146514
2075	1.0
3573	0.029972636894762976
765	1.0
973	1.0
1315	1.0
4881	0.12590197880679957
710	0.03173697611274867
806	1.0
5117	1.0
711	0.02208065248856349
3914	0.12590197880679957
3596	1.0
3994	1.0
1041	1.0
1875	0.12590197880679957
3961	1.0
4851	1.0
714	0.029972636894762976
715	0.029972636894762976
803	1.0
895	1.0
3048	1.0
3164	1.0
3559	1.0
4498	1.0
3915	0.029972636894762976
2234	1.0
717	1.0
2836	1.0
718	1.0
719	0.12590197880679957
1456	0.12590197880679957
4298	1.0
2093	1.0
3236	1.0
724	1.0
4342	0.03622706094893981
727	1.0
2968	1.0
2317	1.0
730	1.0
1267	1.0
4519	0.029972636894762976
4421	1.0
1402	0.016681985779637202
1403	0.016681985779637202
2488	0.016681985779637202
4333	0.016681985779637202
733	1.0
3156	1.0
3937	1.0
1046	0.09104835557245941
1271	1.0
4928	1.0
742	1.0
743	1.0
1268	1.0
905	1.0
2196	1.0
3557	0.016681985779637202
4818	1.0
2275	1.0
3637	1.0
1126	1.0
1727	1.0
1503	1.0
826	1.0
856	1.0
771	0.12590197880679957
773	0.12590197880679957
775	0.12590197880679957
2014	1.0
3947	0.12590197880679957
4114	0.12590197880679957
4903	1.0
4675	1.0
4803	0.12590197880679957
4046	0.12590197880679957
4900	1.0
4166	1.0
2584	0.12590197880679957
1269	1.0
2917	1.0
777	1.0
3150	1.0
1258	0.03215957233262549
786	0.03816043865487623
790	1.0
2778	1.0
1504	0.013438559792082659
791	0.03622706094893981
2529	0.016555206913674157
2787	0.016555206913674157
3102	0.03622706094893981
4526	0.016555206913674157
797	0.029972636894762976
1128	1.0
899	0.029972636894762976
1625	1.0
2673	0.09104835557245941
2542	1.0
1329	1.0
2408	1.0
814	1.0
3266	1.0
815	0.02756383844146514
817	0.02756383844146514
1139	0.02756383844146514
2354	0.02756383844146514
3533	0.02756383844146514
4444	0.12590197880679957
819	1.0
1652	0.09104835557245941
4767	1.0
2430	1.0
4668	1.0
942	1.0
874	0.02208065248856349
4161	0.02756383844146514
841	1.0
1015	1.0
1058	1.0
2685	0.02208065248856349
3727	0.12590197880679957
4711	1.0
3359	0.029972636894762976
3397	1.0
3818	0.029972636894762976
847	1.0
1680	1.0
3157	1.0
3232	1.0
3283	1.0
4588	1.0
853	1.0
2846	1.0
1988	1.0
855	1.0
876	1.0
1272	0.12590197880679957
2582	1.0
3942	1.0
880	1.0
866	1.0
4887	1.0
867	0.12590197880679957
1370	0.12590197880679957
1109	0.12590197880679957
1752	1.0
2592	0.12590197880679957
877	1.0
984	1.0
2682	1.0
879	1.0
2035	1.0
4259	1.0
2326	0.12590197880679957
4623	1.0
4626	1.0
889	1.0
1374	1.0
3430	0.028144908243795758
3451	1.0
3968	0.028144908243795758
3610	1.0
894	0.12590197880679957
947	0.02208065248856349
2135	0.02208065248856349
2804	0.02208065248856349
4038	1.0
3652	0.12590197880679957
3642	0.029972636894762976
4164	0.12590197880679957
915	1.0
2847	0.02756383844146514
1867	1.0
2027	1.0
916	1.0
3990	1.0
2616	0.12590197880679957
2597	0.09104835557245941
4664	1.0
918	1.0
2313	1.0
2878	1.0
4314	0.029972636894762976
931	1.0
934	1.0
3824	1.0
935	0.006296683676164518
1658	0.006296683676164518
2222	0.03816043865487623
3590	0.006296683676164518
1656	0.03816043865487623
1892	1.0
1911	1.0
4622	1.0
2839	0.029972636894762976
3350	0.029972636894762976
2260	0.029972636894762976
4374	0.029972636894762976
4790	0.029972636894762976
4224	0.12590197880679957
4968	1.0
2469	1.0
3943	1.0
3469	1.0
962	1.0
3173	0.022323645314992657
2870	1.0
2077	1.0
3003	1.0
1840	1.0
980	0.09104835557245941
1183	0.09104835557245941
1369	0.09104835557245941
1693	0.09104835557245941
3504	0.09104835557245941
4067	0.09104835557245941
4075	0.09104835557245941
4511	0.03173697611274867
981	0.016681985779637202
2102	0.013438559792082659
2103	0.013438559792082659
2143	0.016681985779637202
2268	0.016555206913674157
2070	0.03622706094893981
2073	1.0
1181	1.0
3917	1.0
4332	1.0
998	1.0
1345	1.0
2519	1.0
2524	1.0
4510	1.0
1006	1.0
1444	0.12590197880679957
2575	0.12590197880679957
2600	0.12590197880679957
3909	0.03173697611274867
4158	0.12590197880679957
4316	0.12590197880679957
4335	0.12590197880679957
4013	0.03173697611274867
4584	0.12590197880679957
4597	0.12590197880679957
2576	0.03173697611274867
2101	1.0
4523	1.0
2128	1.0
2496	1.0
4562	1.0
4563	1.0
1473	0.03622706094893981
1484	0.03622706094893981
1027	0.022323645314992657
1252	0.022323645314992657
1254	0.022323645314992657
1259	0.022323645314992657
1260	0.022323645314992657
1845	0.022323645314992657
1846	0.022323645314992657
2556	0.022323645314992657
4390	0.12590197880679957
2409	1.0
1034	1.0
1064	1.0
2500	1.0
1039	1.0
2767	0.029972636894762976
3174	1.0
3246	0.029972636894762976
3248	0.029972636894762976
3251	0.029972636894762976
3308	0.029972636894762976
3310	1.0
3311	1.0
3333	1.0
3348	1.0
3401	1.0
3567	1.0
3587	1.0
3698	0.029972636894762976
3814	0.029972636894762976
4004	1.0
4008	1.0
4330	1.0
4337	1.0
4869	0.029972636894762976
4153	1.0
3461	1.0
3546	1.0
3549	1.0
2435	1.0
4311	1.0
1164	0.03173697611274867
1094	0.03816043865487623
5089	0.028144908243795758
2419	1.0
4693	1.0
1071	0.12590197880679957
1072	0.12590197880679957
1073	0.12590197880679957
1074	0.12590197880679957
1150	0.12590197880679957
1151	0.12590197880679957
1165	0.12590197880679957
1303	0.12590197880679957
1530	0.022323645314992657
1812	0.12590197880679957
1814	0.12590197880679957
1883	0.12590197880679957
2510	0.12590197880679957
2515	0.12590197880679957
2516	0.12590197880679957
2760	0.12590197880679957
2761	0.12590197880679957
3060	0.12590197880679957
3073	0.12590197880679957
3996	0.12590197880679957
4271	0.12590197880679957
1316	1.0
4756	0.12590197880679957
4812	0.12590197880679957
4853	0.12590197880679957
5002	0.12590197880679957
5091	0.12590197880679957
5129	0.12590197880679957
1099	0.03816043865487623
2087	0.03816043865487623
2413	0.03816043865487623
4303	0.12590197880679957
3807	1.0
2881	1.0
1116	1.0
1117	1.0
2030	1.0
4679	1.0
1119	1.0
1611	1.0
1125	1.0
1377	1.0
3601	1.0
1317	1.0
4883	1.0
3634	1.0
3989	1.0
4182	1.0
4201	1.0
2139	1.0
3860	1.0
4461	1.0
4066	1.0
1765	1.0
1161	1.0
3912	1.0
1437	0.09104835557245941
4205	0.09104835557245941
1163	0.03622706094893981
2742	0.03622706094893981
3238	0.03622706094893981
4682	0.03622706094893981
1173	1.0
3920	1.0
3171	1.0
2754	0.09104835557245941
3664	0.09104835557245941
1337	1.0
1664	1.0
1182	0.09104835557245941
1187	0.09104835557245941
4005	1.0
4945	1.0
1194	1.0
4947	1.0
1630	1.0
3361	1.0
4054	0.03173697611274867
5075	1.0
4478	0.03215957233262549
4646	0.03816043865487623
4601	0.03816043865487623
1209	0.016681985779637202
3633	0.029972636894762976
4739	0.029972636894762976
1251	1.0
2786	1.0
1228	1.0
1230	1.0
1773	1.0
3565	1.0
4354	1.0
4325	1.0
1261	1.0
3669	1.0
1264	0.03173697611274867
2034	0.03173697611274867
1950	0.12590197880679957
1917	1.0
2498	1.0
3889	1.0
1455	1.0
2486	0.09104835557245941
3510	0.09104835557245941
3635	0.02756383844146514
4457	0.02756383844146514
3696	0.0019333777059364204
4456	0.12590197880679957
1278	1.0
1886	1.0
1280	1.0
1281	1.0
4385	0.12590197880679957
4866	1.0
4199	1.0
2656	0.12590197880679957
4424	0.02756383844146514
4469	0.12590197880679957
2769	0.12590197880679957
1298	1.0
1301	0.016555206913674157
3388	0.03622706094893981
1302	1.0
3496	1.0
4655	0.006296683676164518
4732	1.0
2057	1.0
2069	1.0
1312	1.0
1462	0.12590197880679957
4766	1.0
4558	1.0
1327	1.0
1335	0.12590197880679957
3742	1.0
1348	1.0
1389	1.0
1359	1.0
1361	1.0
1984	0.016681985779637202
2288	1.0
1909	0.016681985779637202
4397	0.09104835557245941
2130	1.0
3811	1.0
4003	1.0
2777	0.02208065248856349
2350	0.12590197880679957
1795	0.12590197880679957
1366	1.0
4173	1.0
4560	1.0
2082	1.0
2096	1.0
4474	1.0
1395	1.0
1907	1.0
4254	1.0
4670	1.0
1400	1.0
4890	1.0
2390	1.0
3790	0.09104835557245941
1411	0.028144908243795758
1413	0.028144908243795758
1520	0.03215957233262549
1412	0.016681985779637202
4345	0.016681985779637202
2971	0.016555206913674157
2404	1.0
1419	1.0
1861	1.0
1995	1.0
1425	0.12590197880679957
1426	0.12590197880679957
3494	1.0
3337	1.0
2773	1.0
1435	1.0
3519	0.12590197880679957
4726	1.0
2944	0.12590197880679957
4778	1.0
4816	1.0
3007	1.0
1458	1.0
2533	1.0
2534	1.0
2814	1.0
3627	1.0
3367	1.0
1464	1.0
3006	1.0
4241	1.0
4958	0.09104835557245941
2417	1.0
1468	0.09104835557245941
1634	0.09104835557245941
2346	0.09104835557245941
2608	1.0
4087	1.0
1474	1.0
1475	1.0
1482	1.0
1483	1.0
1856	1.0
1857	1.0
1858	1.0
1859	1.0
2831	1.0
2832	1.0
3187	1.0
3526	1.0
3553	0.02756383844146514
4081	1.0
4455	1.0
4499	1.0
4638	1.0
4743	1.0
2748	1.0
4814	1.0
4840	1.0
4580	1.0
4476	1.0
1479	0.03173697611274867
1480	0.03173697611274867
2803	0.03173697611274867
2912	0.013438559792082659
2963	0.006518546691599843
4021	0.013438559792082659
1673	0.03816043865487623
1674	0.03816043865487623
2301	0.03816043865487623
1723	0.02756383844146514
5074	0.02756383844146514
2797	1.0
4745	1.0
3639	1.0
5119	1.0
1585	0.09104835557245941
1878	0.09104835557245941
3204	0.09104835557245941
3543	0.09104835557245941
4974	1.0
1661	0.016555206913674157
4231	0.016555206913674157
2207	0.016555206913674157
4025	0.016681985779637202
4537	0.016681985779637202
1555	0.03816043865487623
3163	1.0
3908	1.0
4820	1.0
4548	1.0
1575	0.12590197880679957
2667	0.12590197880679957
4251	0.12590197880679957
2851	1.0
4480	0.016681985779637202
5051	1.0
3666	1.0
1739	1.0
3497	1.0
1829	1.0
4073	0.03622706094893981
1838	0.029972636894762976
2224	1.0
4944	1.0
3941	1.0
4641	1.0
4505	1.0
1641	0.03816043865487623
2108	0.03816043865487623
1643	1.0
2958	0.02756383844146514
1799	1.0
4309	0.12590197880679957
1940	1.0
1841	1.0
1659	0.12590197880679957
4749	0.12590197880679957
2290	1.0
3952	1.0
3717	1.0
3132	1.0
3583	0.02756383844146514
4028	0.013438559792082659
2892	0.02756383844146514
3910	0.09104835557245941
4491	1.0
2427	1.0
2432	1.0
5126	1.0
2138	1.0
2833	1.0
4466	0.016681985779637202
4538	0.09104835557245941
2523	1.0
2686	1.0
4962	0.013438559792082659
4674	0.12590197880679957
2371	1.0
4845	1.0
1781	0.022323645314992657
2149	0.022323645314992657
4047	0.12590197880679957
2323	1.0
2079	1.0
2792	1.0
4760	1.0
4501	0.03622706094893981
1885	1.0
2086	1.0
2771	0.12590197880679957
1855	1.0
1863	0.09104835557245941
4503	1.0
1896	0.12590197880679957
2434	0.12590197880679957
2775	0.12590197880679957
2173	0.03816043865487623
1898	1.0
4996	1.0
3675	1.0
3638	1.0
4891	1.0
2144	1.0
4568	1.0
4719	1.0
5015	1.0
4931	1.0
5047	1.0
4876	1.0
5048	0.022323645314992657
4712	1.0
4283	1.0
2373	0.03173697611274867
2626	0.03173697611274867
2635	0.02208065248856349
2636	1.0
2644	1.0
2652	1.0
2753	0.03173697611274867
3338	1.0
3562	0.02208065248856349
4127	0.03173697611274867
4195	1.0
4348	0.03173697611274867
4618	0.03173697611274867
4653	1.0
4445	0.02756383844146514
4752	0.03173697611274867
5103	0.12590197880679957
2148	1.0
3317	0.006296683676164518
4244	0.006296683676164518
2026	0.02208065248856349
2028	0.02208065248856349
4797	0.02208065248856349
2947	0.02756383844146514
4605	0.02756383844146514
3111	1.0
2109	0.03622706094893981
4952	1.0
2590	1.0
2071	1.0
2074	1.0
2178	1.0
2220	1.0
2221	1.0
2343	1.0
2368	1.0
2377	1.0
2398	1.0
2549	1.0
2894	1.0
3130	1.0
4310	0.029972636894762976
4723	1.0
4728	1.0
2072	1.0
2402	1.0
2850	1.0
4685	1.0
2085	1.0
2978	0.09104835557245941
2799	1.0
3578	1.0
2127	1.0
2982	1.0
4762	1.0
2140	1.0
2146	1.0
2152	1.0
2328	0.09104835557245941
2331	1.0
2806	1.0
4336	1.0
3482	1.0
4665	1.0
5027	1.0
2237	0.0
5078	0.12590197880679957
2251	0.029972636894762976
2905	0.029972636894762976
2994	1.0
3155	0.029972636894762976
4841	0.09104835557245941
4855	1.0
4859	0.09104835557245941
3522	1.0
4428	1.0
2333	0.03816043865487623
2334	0.03816043865487623
4276	0.03816043865487623
2340	1.0
3215	1.0
3988	1.0
4838	1.0
5088	1.0
3644	1.0
3957	1.0
5001	1.0
4774	0.03816043865487623
2356	1.0
4211	1.0
2394	0.09104835557245941
2415	0.09104835557245941
3040	0.09104835557245941
3465	1.0
3399	1.0
4215	0.12590197880679957
4557	0.12590197880679957
2508	0.12590197880679957
2776	0.12590197880679957
2780	1.0
3194	0.12590197880679957
3353	0.12590197880679957
4039	0.022323645314992657
4700	0.09104835557245941
2663	1.0
2993	1.0
4381	1.0
4587	0.03173697611274867
2580	0.09104835557245941
2979	1.0
5010	1.0
2593	0.016555206913674157
2762	1.0
2606	1.0
3934	1.0
4707	0.12590197880679957
2617	0.028144908243795758
4473	0.028144908243795758
4486	0.028144908243795758
2623	1.0
3092	1.0
3377	1.0
3395	0.03173697611274867
3400	0.02208065248856349
4409	1.0
4525	0.03173697611274867
4639	1.0
4128	1.0
2664	1.0
3548	1.0
4995	1.0
2676	0.09104835557245941
3688	1.0
3962	1.0
2714	1.0
4033	1.0
2784	0.016555206913674157
2800	1.0
2967	0.03622706094893981
3481	0.028144908243795758
2938	0.029972636894762976
2951	0.029972636894762976
2955	0.029972636894762976
4610	0.029972636894762976
2848	0.028144908243795758
2939	0.028144908243795758
4324	0.028144908243795758
3881	0.028144908243795758
4582	0.028144908243795758
4777	1.0
5044	1.0
2872	1.0
3689	0.12590197880679957
4595	0.12590197880679957
4034	0.12590197880679957
4189	1.0
4285	0.028144908243795758
3018	1.0
3479	1.0
3480	1.0
4049	1.0
4364	1.0
3254	0.029972636894762976
3043	1.0
3428	1.0
4196	1.0
3125	0.09104835557245941
3126	0.09104835557245941
3127	0.09104835557245941
3128	0.09104835557245941
3129	0.09104835557245941
3138	0.09104835557245941
3139	0.09104835557245941
3289	0.022323645314992657
3161	0.029972636894762976
4716	0.029972636894762976
4717	0.029972636894762976
3165	0.03622706094893981
3179	0.02756383844146514
4559	0.02756383844146514
4692	0.02756383844146514
3276	1.0
5017	1.0
4506	0.03816043865487623
4892	0.028144908243795758
5087	1.0
3924	1.0
4070	1.0
4112	0.02756383844146514
3542	1.0
4596	1.0
3417	1.0
4094	1.0
4104	1.0
4761	1.0
4686	1.0
4982	1.0
5014	1.0
4522	1.0
5022	1.0
5077	1.0
3572	0.02756383844146514
3751	0.02756383844146514
3436	1.0
4880	0.12590197880679957
3454	1.0
3472	0.006296683676164518
3505	1.0
3631	1.0
4001	1.0
4737	1.0
3455	0.03622706094893981
3869	1.0
3980	1.0
3879	0.09104835557245941
4130	0.12590197880679957
4162	1.0
4318	0.022323645314992657
4356	1.0
4801	0.12590197880679957
4386	0.016555206913674157
3614	0.02756383844146514
4329	0.029972636894762976
4416	0.029972636894762976
4484	0.029972636894762976
4485	0.029972636894762976
4518	0.029972636894762976
4527	0.029972636894762976
4533	0.029972636894762976
4630	0.029972636894762976
4834	0.029972636894762976
4961	0.029972636894762976
3708	0.028144908243795758
3709	0.028144908243795758
3819	0.028144908243795758
3927	0.028144908243795758
3977	0.028144908243795758
4949	0.028144908243795758
4206	1.0
3722	0.016555206913674157
3904	0.016555206913674157
4022	0.013438559792082659
4057	0.013438559792082659
3725	1.0
4574	0.028144908243795758
3874	1.0
3933	1.0
4857	0.03173697611274867
4606	1.0
4893	0.09104835557245941
5023	1.0
3958	1.0
3992	1.0
4027	0.029972636894762976
4157	0.029972636894762976
4446	0.03622706094893981
4650	1.0
4912	1.0
4933	1.0
3984	0.12590197880679957
3997	0.12590197880679957
4084	0.12590197880679957
4577	0.12590197880679957
4578	0.12590197880679957
4036	0.03173697611274867
4040	0.12590197880679957
4041	0.12590197880679957
4042	0.12590197880679957
4119	0.03173697611274867
4019	1.0
4698	0.09104835557245941
4959	0.09104835557245941
4960	0.09104835557245941
4108	1.0
4109	1.0
5008	1.0
4714	1.0
4159	0.03622706094893981
5098	0.03622706094893981
4258	0.09104835557245941
4607	0.09104835557245941
4648	0.09104835557245941
4451	1.0
5018	1.0
4187	1.0
4198	0.09104835557245941
4235	0.028144908243795758
4998	0.12590197880679957
5005	0.028144908243795758
5034	0.028144908243795758
5125	0.028144908243795758
4200	1.0
4228	0.03173697611274867
4236	0.03173697611274867
4731	1.0
4882	1.0
4885	1.0
4888	1.0
4901	1.0
4902	1.0
5064	1.0
4204	1.0
4347	1.0
4688	1.0
4988	1.0
4221	1.0
4475	1.0
4483	1.0
4547	1.0
4225	0.03816043865487623
4278	0.03622706094893981
4321	0.03622706094893981
4703	0.022323645314992657
4246	0.12590197880679957
4275	0.02208065248856349
4240	0.028144908243795758
4551	0.028144908243795758
4245	0.02208065248856349
4471	0.12590197880679957
4969	0.12590197880679957
4412	1.0
4435	1.0
4299	0.12590197880679957
4346	0.03622706094893981
4467	0.03622706094893981
4536	1.0
4317	1.0
4367	0.03816043865487623
4439	0.029972636894762976
4487	0.12590197880679957
4343	0.09104835557245941
4344	0.09104835557245941
4371	0.09104835557245941
4422	0.022323645314992657
4368	0.02756383844146514
4492	0.02756383844146514
4534	0.02756383844146514
4666	0.029972636894762976
4611	1.0
4453	1.0
4413	0.029972636894762976
4747	0.029972636894762976
4748	0.029972636894762976
4850	0.029972636894762976
4861	0.029972636894762976
4865	0.029972636894762976
4966	0.029972636894762976
5094	0.029972636894762976
4429	1.0
4436	0.09104835557245941
4438	1.0
4454	1.0
4460	1.0
4462	1.0
4488	1.0
4571	1.0
4858	1.0
4671	0.03622706094893981
4479	0.09104835557245941
5024	0.09104835557245941
4792	1.0
4556	0.03173697611274867
4632	1.0
4565	1.0
4566	1.0
4567	1.0
4576	1.0
4579	1.0
4592	1.0
4570	0.022323645314992657
4764	0.022323645314992657
4779	0.022323645314992657
4625	0.028144908243795758
4613	0.12590197880679957
4581	1.0
4603	0.12590197880679957
4609	0.12590197880679957
4678	0.12590197880679957
4923	1.0
4775	1.0
4619	0.029972636894762976
4729	0.022323645314992657
4621	1.0
4629	1.0
4631	1.0
4676	1.0
5056	1.0
4874	1.0
4633	1.0
4645	1.0
4724	1.0
4735	1.0
4746	1.0
4759	1.0
4906	1.0
4663	0.12590197880679957
5006	0.12590197880679957
4822	0.09104835557245941
5123	0.09104835557245941
4695	0.022323645314992657
4696	0.022323645314992657
4697	0.022323645314992657
4699	0.12590197880679957
4706	0.09104835557245941
5116	0.09104835557245941
4715	1.0
4730	1.0
4795	1.0
4727	0.02756383844146514
4948	0.029972636894762976
4733	1.0
4884	1.0
4956	1.0
4736	0.02208065248856349
4821	0.12590197880679957
4823	1.0
4846	1.0
4757	0.12590197880679957
5052	1.0
4753	0.016681985779637202
4852	0.09104835557245941
4770	0.029972636894762976
4860	0.029972636894762976
4957	0.029972636894762976
4847	1.0
4783	0.12590197880679957
4787	1.0
4925	0.029972636894762976
4788	0.03622706094893981
4872	0.016555206913674157
4854	0.006296683676164518
5000	0.028144908243795758
5061	0.03622706094893981
4791	0.03622706094893981
4842	1.0
4828	1.0
4817	0.12590197880679957
4965	0.12590197880679957
4983	0.12590197880679957
4984	0.12590197880679957
4985	0.12590197880679957
4825	0.09104835557245941
4832	0.12590197880679957
4839	0.022323645314992657
4829	0.016681985779637202
4835	0.03622706094893981
5013	0.03622706094893981
4932	1.0
4837	0.12590197880679957
4843	1.0
5068	1.0
4863	1.0
4867	1.0
4864	1.0
4896	1.0
5012	1.0
5045	1.0
4935	1.0
4921	1.0
4950	1.0
4868	0.028144908243795758
4878	0.028144908243795758
4899	0.028144908243795758
4975	0.028144908243795758
4992	1.0
4875	1.0
4877	1.0
4886	0.029972636894762976
4920	0.029972636894762976
4922	0.029972636894762976
4976	0.029972636894762976
4999	0.029972636894762976
4908	0.09104835557245941
4879	0.12590197880679957
5004	0.12590197880679957
4907	0.03816043865487623
4904	1.0
4905	1.0
4930	1.0
4917	0.02756383844146514
4918	0.02756383844146514
4936	0.02756383844146514
4919	1.0
4934	1.0
4939	1.0
5115	1.0
4990	1.0
4991	1.0
4970	1.0
4977	0.03816043865487623
4987	0.03816043865487623
5133	0.03816043865487623
4994	0.022323645314992657
5009	1.0
5021	1.0
5028	0.029972636894762976
5029	0.029972636894762976
5030	0.029972636894762976
5031	0.029972636894762976
5032	0.029972636894762976
5055	0.029972636894762976
5058	0.029972636894762976
5105	0.029972636894762976
5053	0.12590197880679957
5071	0.12590197880679957
5072	0.12590197880679957
5057	0.03622706094893981
5070	0.03622706094893981
5062	1.0
5102	1.0
5063	1.0
5067	1.0
5082	0.029972636894762976
5104	0.09104835557245941
5114	0.09104835557245941
5120	0.09104835557245941
5124	0.09104835557245941
5118	1.0
5121	0.12590197880679957
5131	0.03173697611274867
5132	0.03173697611274867
